profile,reference_profile,predictor,beta,SE,z,p,OR,CI_lower,CI_upper,p_FDR,significant_FDR,specification,dropped_predictor
1,0,ATT,-0.6833537973842967,0.24990023000800726,-2.7345064762941624,0.006247386639037661,0.5049207476422521,0.3093882716860961,0.8240291721797289,0.0270720087691632,True,A_primary,
1,0,CON,-0.12107099572702976,0.2744477973829106,-0.44114398760545,0.6591087603615178,0.8859710572006682,0.5173743017075597,1.5171698934535627,0.8050278941103561,False,A_primary,
1,0,SNO,-1.6368618813045406,0.28581117424432323,-5.727074477169613,1.0217731897748424e-08,0.19458973082530484,0.111130312160293,0.34072758913921114,1.3283051467072952e-07,True,A_primary,
1,0,COVID,-0.4938610534050505,0.2860395725270732,-1.7265480053754008,0.08424887074512205,0.6102655715231895,0.3483670493447599,1.0690565266922163,0.2233907954907598,False,A_primary,
1,0,PU,-1.5660729323873035,0.30277334593756516,-5.172426679560634,2.310731826360014e-07,0.2088637961784997,0.11538179529543711,0.378084647083135,1.802370824560811e-06,True,A_primary,
1,0,PEU,-0.6286463043806364,0.2060503587242097,-3.050935258123257,0.002281297595431378,0.5333132564001601,0.3561137746482513,0.7986858405942868,0.011121325777727968,True,A_primary,
1,0,PO,-0.1236255623628796,0.22438676249397327,-0.5509485541340703,0.58166894173283,0.883710673477273,0.5692568066695197,1.371866871450569,0.7561696242526791,False,A_primary,
1,0,PRI,-2.17404702443802,0.2849444049562333,-7.629723506141304,2.352577282998829e-14,0.1137164710685727,0.0650539692035246,0.19878011980841456,1.8350102807390866e-12,True,A_primary,
1,0,age,-0.01551429483366747,0.023649898818582107,-0.6559983597679343,0.5118251795764686,0.9846054318802574,0.9400068687930949,1.0313199708134193,0.7258611637629918,False,A_primary,
1,0,gender,-0.419318846499988,0.2919445786465374,-1.436296054696275,0.1509181162213459,0.657494522015696,0.37100853151299656,1.165199745455193,0.3473090335282214,False,A_primary,
1,0,Education,-0.32690617697184093,0.19730102466860938,-1.6568904166662026,0.09754163224320757,0.7211514004607971,0.48986953162449176,1.0616282679634363,0.24542733274097386,False,A_primary,
1,0,Occupation,-0.10461466370558815,0.0808355279909694,-1.2941668880702464,0.1956077814277023,0.9006715171520736,0.7687016942621454,1.0552977674749036,0.3814351737840195,False,A_primary,
1,0,income,0.004695377636372498,0.1623250117817278,0.02892578035162068,0.9769237844743444,1.0047064181950474,0.7309124122784119,1.3810614921912385,0.9905612395197669,False,A_primary,
2,0,ATT,0.042865828623186976,0.2593235143251356,0.1652986569102349,0.8687089159092679,1.0437978376619963,0.6278787154348402,1.7352299084598073,0.9679899348703271,False,A_primary,
2,0,CON,-0.01379528068591627,0.2870425814447623,-0.048060049545544506,0.9616683852357453,0.986299438140826,0.5619183410223141,1.7311885209283093,0.9905612395197669,False,A_primary,
2,0,SNO,0.7560072571955065,0.3431489419900254,2.2031461114558297,0.027584452050173826,2.129755655036192,1.0870149167381042,4.172766242959909,0.08964946916306493,False,A_primary,
2,0,COVID,-0.0700775476998692,0.3045513438698781,-0.2301009307967801,0.8180133416270675,0.9323215177133128,0.5132469417567703,1.6935773828793381,0.9383094212781069,False,A_primary,
2,0,PU,1.796112011023175,0.32916559262675205,5.456560622543028,4.854455878908146e-08,6.026172167178008,3.1611865558434817,11.487696264348191,4.512163840079769e-07,True,A_primary,
2,0,PEU,0.115792945244833,0.19135856871476312,0.6051098000081335,0.5451060431052063,1.1227633745685903,0.7716147751352181,1.6337136559518852,0.7459345853018612,False,A_primary,
2,0,PO,0.09668806886507356,0.21871164652773886,0.44208011050207496,0.6584312364914541,1.1015167226646394,0.7174968236482109,1.691072420558546,0.8050278941103561,False,A_primary,
2,0,PRI,2.005367174066611,0.3323150410530373,6.034536287349557,1.5941980553962405e-09,7.428821066495295,3.8730011350604427,14.24925542582962,2.486948966418135e-08,True,A_primary,
2,0,age,0.01348562823268286,0.01808578795914877,0.7456478126993135,0.45588019213669984,1.0135769694531667,0.9782769039318121,1.05015079971414,0.6709180186162753,False,A_primary,
2,0,gender,-0.29108479881477606,0.27989986940483547,-1.0399604666973359,0.2983582679751311,0.7474522922621251,0.43184500370041984,1.2937163204867757,0.5171543311568939,False,A_primary,
2,0,Education,-0.08989058633120933,0.19427008908591836,-0.46270934838277705,0.6435727165662517,0.9140311873059259,0.6245899272779116,1.3376024410271112,0.8050278941103561,False,A_primary,
2,0,Occupation,0.031140222270978398,0.07567838132504745,0.4114810825198219,0.6807198099327031,1.0316301512675141,0.889416717123327,1.1965828261542144,0.8168637719192436,False,A_primary,
2,0,income,-0.01810894547183684,0.16220558946700472,-0.11164193250887015,0.9111073225003226,0.9820540361896906,0.7146003091114885,1.3496077705250422,0.9905612395197669,False,A_primary,
3,0,ATT,-0.4382146378236687,0.18071734158725153,-2.4248621298587207,0.015314201375431019,0.6451872863995256,0.45274753473041235,0.9194233046005401,0.05193511770798345,False,A_primary,
3,0,CON,0.24658515730839506,0.1947409139377034,1.2662216291501864,0.20543374594932307,1.2796481499700234,0.8736223993754275,1.8743788951524014,0.38302620241359575,False,A_primary,
3,0,SNO,-1.1238943823389307,0.2064420529624839,-5.444115509465373,5.206342892399733e-08,0.3250116073591506,0.2168562025528344,0.48710870924912825,4.512163840079769e-07,True,A_primary,
3,0,COVID,-0.2746749561102607,0.20278179654227713,-1.3545345824618675,0.17556588804667106,0.7598190576325251,0.5106211887269657,1.1306326746465665,0.37011187209838764,False,A_primary,
3,0,PU,-0.9874562656496123,0.20927006060838063,-4.718573993713784,2.3750358317284964e-06,0.37252308659395356,0.24718318329809771,0.5614194630632632,1.6841163170438427e-05,True,A_primary,
3,0,PEU,-0.5426807637930882,0.1396446340324374,-3.886155508610745,0.00010184427958527921,0.5811881340472168,0.442027029306654,0.7641606163476322,0.0006110656775116754,True,A_primary,
3,0,PO,0.13738107138214498,0.1533838766617385,0.8956682695216726,0.3704299619966943,1.147265255187169,0.8493776901463455,1.5496257801790145,0.5778707407148431,False,A_primary,
3,0,PRI,-1.368939420932119,0.2086545720566615,-6.560792833048368,5.3522436515835256e-11,0.25437660303894827,0.1689922569177931,0.38290189949419895,2.087375024117575e-09,True,A_primary,
3,0,age,-0.00031859903438995603,0.015454749411094178,-0.020614959577490787,0.9835528069850423,0.9996814517128929,0.969853831630529,1.0304264130386092,0.9905612395197669,False,A_primary,
3,0,gender,-0.019037453204692488,0.19977869583466784,-0.09529270939103256,0.9240823333660773,0.9811426146194743,0.6632497273536646,1.451400265271469,0.9905612395197669,False,A_primary,
3,0,Education,-0.15739424130405263,0.14678618376207414,-1.072268774009229,0.28359932787168407,0.8543671655879344,0.6407632971487204,1.1391776914858809,0.5027442630452582,False,A_primary,
3,0,Occupation,-0.05600233623497203,0.05754838554675462,-0.9731347926254765,0.33048631392732386,0.9455369268913799,0.8446802108891579,1.0584361615078894,0.5603898366593753,False,A_primary,
3,0,income,0.04885574148661369,0.11124469830161006,0.43917366159917565,0.6605357079879846,1.050068858440792,0.8443536401859892,1.305903776555359,0.8050278941103561,False,A_primary,
4,0,ATT,-0.2979756220592747,0.16974092436410196,-1.7554730727170043,0.07917842261762292,0.7423194357464058,0.5322362369357736,1.035326245088715,0.2233907954907598,False,A_primary,
4,0,CON,0.15732586936597756,0.18338162008582667,0.8579151459799819,0.39093932019292665,1.170376941757971,0.8170115019049137,1.6765763794083777,0.5979071955891819,False,A_primary,
4,0,SNO,-0.6451116648926943,0.19406287423715796,-3.324240493853164,0.0008865970395010643,0.5246039589910273,0.35862611399250127,0.7673989791909409,0.004939612077220215,True,A_primary,
4,0,COVID,-0.18058554534088103,0.1935838510039067,-0.9328543905102737,0.3508951540011186,0.8347812659944289,0.5712034127292607,1.2199852916242284,0.5623897124569548,False,A_primary,
4,0,PU,-0.2418994411342539,0.19138240486876323,-1.263958624096775,0.20624487822270543,0.7851351258800017,0.5395558625098734,1.1424899787449272,0.38302620241359575,False,A_primary,
4,0,PEU,-0.16103556566045907,0.129735667495139,-1.2412590058666235,0.21451008333728083,0.8512617948807988,0.6601306731413394,1.097732120180585,0.38911131396064896,False,A_primary,
4,0,PO,0.010163813914677862,0.14204996298894143,0.07155097897117449,0.9429592531380108,1.0102156409091467,0.7647134323704129,1.3345334316595991,0.9905612395197669,False,A_primary,
4,0,PRI,-0.7768789585294317,0.1909307737771414,-4.068903839651443,4.7234835273031746e-05,0.4598389504449287,0.3162876245421449,0.6685429461629723,0.00030702642927470634,True,A_primary,
4,0,age,0.025375661890602325,0.013315289874586078,1.9057536208081356,0.056682178827745636,1.0257003646973148,0.9992779545367865,1.052821423072308,0.17004653648323692,False,A_primary,
4,0,gender,-0.26585173848787635,0.1861761705757154,-1.4279579264402045,0.1533039689407669,0.7665527693491612,0.5321887641111804,1.1041254303409362,0.3473090335282214,False,A_primary,
4,0,Education,-0.0016566155692550961,0.14003503519408547,-0.011830007875950925,0.9905612395197668,0.9983447558609017,0.7587178691799309,1.3136533249602382,0.9905612395197669,False,A_primary,
4,0,Occupation,-0.04999956162996731,0.05308567400809135,-0.941865438542729,0.3462615368012585,0.9512298414912793,0.8572313163998059,1.0555356460186938,0.5623897124569548,False,A_primary,
4,0,income,0.2256922394433236,0.10720149084496165,2.1053087756934947,0.03526443871118363,1.2531899234947026,1.0156992762366932,1.5462105970652293,0.11002504877889292,False,A_primary,
5,0,ATT,-0.890253535838078,0.32968073811759224,-2.7003504691273097,0.006926646629250715,0.4105516499993569,0.21514828679942186,0.7834255146745951,0.028435707214818723,True,A_primary,
5,0,CON,-0.22956060272473608,0.3776519543003558,-0.6078628750909651,0.5432784239572155,0.7948827951149025,0.3791746230589994,1.666352702805657,0.7459345853018612,False,A_primary,
5,0,SNO,-2.4597710108959348,0.38685546138421406,-6.358372199514998,2.0390292555982402e-10,0.08545451688030403,0.040034739463018276,0.18240344643660691,5.301476064555424e-09,True,A_primary,
5,0,COVID,-0.2646513015346299,0.379366210530361,-0.6976143214353289,0.4854184227820607,0.7674735201611804,0.3648718531979235,1.6143081440405993,0.7011599440185321,False,A_primary,
5,0,PU,-2.597891807382811,0.41924244959675994,-6.196633499020774,5.768360594990586e-10,0.07443032639319898,0.032725293171292455,0.1692841514971626,1.1248303160231643e-08,True,A_primary,
5,0,PEU,-0.9191940558842158,0.2863092990859071,-3.21049319326653,0.0013250740671253269,0.39884035462369,0.22755568937336315,0.6990536203001716,0.0068903851490516995,True,A_primary,
5,0,PO,0.5341461707603273,0.3078512006383024,1.7350790565468714,0.08272680333954979,1.705990995228338,0.9331006720668378,3.119068888197847,0.2233907954907598,False,A_primary,
5,0,PRI,-2.079511933766633,0.3741767923305999,-5.557565237582406,2.7356375121622226e-08,0.12499120129883347,0.06003074407548749,0.26024665598814073,3.0482817992664766e-07,True,A_primary,
5,0,age,-0.06354963842410309,0.04071820086304477,-1.5607182310891292,0.1185902477685599,0.9384275360804888,0.8664444224888663,1.0163909162741631,0.2890637289358648,False,A_primary,
5,0,gender,-0.07013400434870155,0.40081777533437857,-0.17497728061135237,0.861097485607393,0.9322688834505795,0.42496993913596987,2.0451452938465655,0.9679899348703271,False,A_primary,
5,0,Education,0.11242771858085285,0.2848855320232285,0.39464172779292245,0.6931073135756807,1.1189913717052067,0.6402171110216043,1.955807910151977,0.8191268251348953,False,A_primary,
5,0,Occupation,-0.0077026498563550795,0.11163831815336284,-0.06899646988387612,0.9449924294293892,0.9923269395300814,0.7973083765070955,1.235046293168318,0.9905612395197669,False,A_primary,
5,0,income,0.13837086148959837,0.2350818108013645,0.5886072640750444,0.5561247598692096,1.148401369151807,0.72441598427373,1.820536450464916,0.7478188757354945,False,A_primary,
6,0,ATT,-0.24282556565110794,0.2616048965163121,-0.9282149106714707,0.35329610141526646,0.7844083295947584,0.46974223879142657,1.3098596990568716,0.5623897124569548,False,A_primary,
6,0,CON,0.5178366774824715,0.3015365360376966,1.7173264782007518,0.0859195367272153,1.6783928144871925,0.9294382262458499,3.0308656994887806,0.2233907954907598,False,A_primary,
6,0,SNO,0.8515432690629536,0.34838059264401283,2.4442902017021644,0.01451374672257246,2.343260344108971,1.1837854443287876,4.638398847172044,0.05193511770798345,False,A_primary,
6,0,COVID,0.4243577719930583,0.32021832251458604,1.3252138998814744,0.18510021641774987,1.5286083892341975,0.8160577616923941,2.8633311480198205,0.3714357338907317,False,A_primary,
6,0,PU,0.7252467159113224,0.2980536323429003,2.4332758846466644,0.01496289521297726,2.0652405648254097,1.1514955739195976,3.704068593231252,0.05193511770798345,False,A_primary,
6,0,PEU,-0.5088036124694826,0.181081521172037,-2.8098041654183605,0.004957165312060604,0.6012144341639332,0.4215894128244855,0.8573716152533923,0.022744640843572184,True,A_primary,
6,0,PO,-0.27306880131773875,0.20634608454590492,-1.3233534424395164,0.18571786694536585,0.7610404252435452,0.5078814996463233,1.1403891050534525,0.3714357338907317,False,A_primary,
6,0,PRI,0.4112532271282338,0.2935886982244423,1.4007801717688722,0.1612798197493971,1.5087073538205351,0.8485887347589267,2.6823333686120647,0.34943960945702707,False,A_primary,
6,0,age,0.005311096656374298,0.018788811106154945,0.2826733754662347,0.7774272274891064,1.0053252255324219,0.9689764477525432,1.043037538668764,0.9050645334947807,False,A_primary,
6,0,gender,-0.41390542397712365,0.2916491735375576,-1.419189428712104,0.15584379709599677,0.6610634690632964,0.37323844378114673,1.170846458641445,0.3473090335282214,False,A_primary,
6,0,Education,-0.11227797475472225,0.19545025277959394,-0.5744580687820153,0.5656578675435151,0.8937957703053514,0.609351214746468,1.311018768294606,0.7478188757354945,False,A_primary,
6,0,Occupation,0.18623355109057926,0.07523349553480982,2.475407393564623,0.01330842706136917,1.204703587360892,1.0395374970279985,1.3961119608955415,0.05190286553933976,False,A_primary,
6,0,income,0.14107439600542548,0.1716984654541259,0.8216404009919209,0.4112815884054549,1.1515103125656145,0.8224606854872861,1.6122059368215924,0.6169223826081823,False,A_primary,
1,0,CON,-0.31815513072438345,0.2660321893583382,-1.1959271977265766,0.23172497049588903,0.7274899236215902,0.43189264789312454,1.225400783163858,0.4171049468926002,False,drop_ATT,ATT
1,0,SNO,-1.7059748396598353,0.28414627040583473,-6.003861452143151,1.926791347281626e-09,0.18159527358647484,0.10404814756098547,0.31693830367924636,2.0840143351203143e-08,True,drop_ATT,ATT
1,0,COVID,-0.5456864329491952,0.2853812758928523,-1.9121311699302783,0.055859371761122566,0.5794438974110709,0.3311997094621631,1.0137546038073715,0.17486412029568804,False,drop_ATT,ATT
1,0,PU,-1.5406774039101987,0.30237037474392464,-5.0953318598589155,3.481308802613438e-07,0.2142359280066713,0.11844301283692267,0.3875030848132225,2.5065423378816755e-06,True,drop_ATT,ATT
1,0,PEU,-0.6516893442259346,0.20525438899716628,-3.1750324434471984,0.0014981974933806256,0.5211646062520902,0.34854499499364255,0.7792754184143437,0.006741888720212815,True,drop_ATT,ATT
1,0,PO,-0.20095252121080381,0.22152882403702365,-0.9071168146372638,0.3643450271222688,0.8179512659676763,0.5298565251630216,1.2626895050358746,0.5829520433956301,False,drop_ATT,ATT
1,0,PRI,-2.248473543801908,0.2798223652448385,-8.035360368119763,9.33042621536024e-16,0.1055602347176823,0.060997318201701976,0.18267955841608235,6.717906875059373e-14,True,drop_ATT,ATT
1,0,age,-0.015138087532639864,0.023408974817183233,-0.6466787909707106,0.5178398524033672,0.9849759173176559,0.9408047262744506,1.0312209649898574,0.7295722935347206,False,drop_ATT,ATT
1,0,gender,-0.5015849863614471,0.28994720066165736,-1.7299183617459797,0.08364486217605445,0.6055700783444694,0.34304916645364303,1.068987059718397,0.23163192602599694,False,drop_ATT,ATT
1,0,Education,-0.35401628111600025,0.19631815066227412,-1.8032784025406496,0.07134450274035334,0.701863540140657,0.47768686446824254,1.0312454991349786,0.20547216789221762,False,drop_ATT,ATT
1,0,Occupation,-0.093448104369028,0.08051584304191663,-1.1606175982083282,0.24579744551918015,0.910785281976665,0.7778207679489503,1.0664794050854614,0.4316442945702676,False,drop_ATT,ATT
1,0,income,0.007673167391522505,0.1615517568094445,0.04749665087562776,0.9621173995391678,1.007702681581243,0.7342040615795073,1.3830823712435467,0.9756683488284519,False,drop_ATT,ATT
2,0,CON,0.024713728089588723,0.2512606308746969,0.09835893511671313,0.9216472815419776,1.0250216436152046,0.6264056538372025,1.6772986697094465,0.9479800610146055,False,drop_ATT,ATT
2,0,SNO,0.7575439298908316,0.34159532596449965,2.2176647989895493,0.02657769607747311,2.1330309082505874,1.0920067853571283,4.16647672575071,0.09112352940847923,False,drop_ATT,ATT
2,0,COVID,-0.054497803485012576,0.30204026788539073,-0.18043224456975976,0.8568132422053227,0.9469605888686665,0.5238778520862172,1.7117241229028168,0.9479800610146055,False,drop_ATT,ATT
2,0,PU,1.7993185163817484,0.32853605043559064,5.476776487682603,4.3314376375251836e-08,6.045526133239094,3.1752547251746415,11.510379289543971,3.465150110020147e-07,True,drop_ATT,ATT
2,0,PEU,0.11587928997924837,0.190466339303394,0.6083977379050907,0.5429237114236545,1.1228603234594317,0.7730320765627969,1.6309999859326638,0.7375567400472287,False,drop_ATT,ATT
2,0,PO,0.10285630739146195,0.21745195500180056,0.47300704834136936,0.6362081506128162,1.1083321384971716,0.7237208520499343,1.697339693538301,0.8036313481425047,False,drop_ATT,ATT
2,0,PRI,1.996971598843805,0.332201472721632,6.011326748443304,1.840110959226124e-09,7.366712922025014,3.8414761711873804,14.126980581726796,2.0840143351203143e-08,True,drop_ATT,ATT
2,0,age,0.013338359202841932,0.018105034310126177,0.7367210121983455,0.46129202608961783,1.01342771194698,0.9780959473886491,1.0500357660044526,0.6778168546622956,False,drop_ATT,ATT
2,0,gender,-0.27894820109947854,0.2761526856215747,-1.010123079091596,0.3124363262446269,0.756579092165198,0.4403402898668225,1.2999308395664562,0.5231491974328637,False,drop_ATT,ATT
2,0,Education,-0.08176152156835684,0.19343388786340945,-0.4226845795814824,0.6725254078323599,0.92149168838753,0.6307208282854743,1.3463118604717512,0.8207089722699986,False,drop_ATT,ATT
2,0,Occupation,0.030364593473906375,0.07556360423428729,0.4018415185670606,0.6878006643704764,1.0308302994484146,0.8889270806703008,1.195386133876853,0.8253607972445717,False,drop_ATT,ATT
2,0,income,-0.017965674419960033,0.16186280908365477,-0.11099322025651316,0.9116217229649826,0.9821947461840491,0.7151830320089844,1.3488945853785714,0.9479800610146055,False,drop_ATT,ATT
3,0,CON,0.10470301308026674,0.18639663659250205,0.561721579285613,0.5743057294155025,1.1103807928109932,0.7705625899341487,1.6000588675722445,0.7657409725540034,False,drop_ATT,ATT
3,0,SNO,-1.1663937046597843,0.2062613073649006,-5.654932180742442,1.5590782140722008e-08,0.3114882367656584,0.20790669802701384,0.46667530466369184,1.4031703926649807e-07,True,drop_ATT,ATT
3,0,COVID,-0.3146577176178298,0.20205085548947524,-1.5573194028580601,0.11939467098023306,0.7300387108983221,0.49131127321925666,1.0847634655682779,0.2865472103525593,False,drop_ATT,ATT
3,0,PU,-0.967039877435665,0.20848513870162097,-4.638411559970564,3.510971139171427e-06,0.38020683282271067,0.25267006068929904,0.5721185776055773,2.2980902001849338e-05,True,drop_ATT,ATT
3,0,PEU,-0.5531839813096965,0.13956482371383874,-3.9636347224851955,7.381717413926886e-05,0.5751157343489529,0.4374770482126563,0.7560581960746767,0.00040883357984825827,True,drop_ATT,ATT
3,0,PO,0.0975279065499095,0.15263748130908555,0.6389512308082371,0.5228546587143539,1.1024422064925103,0.8173878625469916,1.4869058795036891,0.7295722935347206,False,drop_ATT,ATT
3,0,PRI,-1.3756263844608194,0.2077965940012446,-6.620062234766852,3.590476744087963e-11,0.2526812706022545,0.16814850886798224,0.3797109171113634,1.2925716278716666e-09,True,drop_ATT,ATT
3,0,age,-0.0017389822232304678,0.015394618785102407,-0.11296039528522173,0.9100619541676933,0.9982625289302726,0.9685913930305293,1.0288425891833766,0.9479800610146055,False,drop_ATT,ATT
3,0,gender,-0.0753947805863812,0.19792132996353382,-0.3809330737635624,0.7032529101353443,0.9273773034967011,0.6291908895539284,1.366880349539929,0.8300690086843407,False,drop_ATT,ATT
3,0,Education,-0.17585893726428345,0.14548533108382544,-1.2087743551475811,0.22674954650269674,0.8387362894281188,0.6306462534836705,1.1154883729470448,0.4171049468926002,False,drop_ATT,ATT
3,0,Occupation,-0.04727077222799799,0.05717347212313121,-0.8267955482254716,0.408352953722789,0.9538290921925631,0.8527142535494475,1.0669341263217569,0.6165930172354109,False,drop_ATT,ATT
3,0,income,0.052485884126458715,0.11087596142483971,0.4733747825225191,0.6359458177502824,1.0538876854282448,0.8480370100071644,1.309706109982063,0.8036313481425047,False,drop_ATT,ATT
4,0,CON,0.052896253524020935,0.1737695303264316,0.3044046526721551,0.7608196235641811,1.0543202574338986,0.7499925349391486,1.4821363592981256,0.883532466074533,False,drop_ATT,ATT
4,0,SNO,-0.677920483327561,0.19366145827727416,-3.5005441421232644,0.0004643093350909123,0.5076716070120779,0.347324095704485,0.7420460133739507,0.002387876580467549,True,drop_ATT,ATT
4,0,COVID,-0.20466057765811665,0.19314922744935692,-1.059598220302372,0.28932742361162944,0.8149238728434207,0.5580911026894171,1.1899507362325719,0.4959898690485076,False,drop_ATT,ATT
4,0,PU,-0.2358607813153501,0.19130798765927948,-1.232885172235565,0.21761860828453483,0.7898906338134469,0.5429030950508823,1.149242321648089,0.4123299946443818,False,drop_ATT,ATT
4,0,PEU,-0.17008912742784757,0.1294100788375133,-1.3143421977310648,0.1887310727764988,0.8435896262721249,0.6545987136898,1.0871446012207953,0.38824677828308324,False,drop_ATT,ATT
4,0,PO,-0.01715480001804011,0.14095744736949456,-0.12170197700212243,0.9031350474576237,0.9829915057537428,0.7457003784951484,1.2957916185237626,0.9479800610146055,False,drop_ATT,ATT
4,0,PRI,-0.7765465125238903,0.19029961046739316,-4.080652139101185,4.4909523021480156e-05,0.45999184748079264,0.3167844359989301,0.6679384329017586,0.00026945713812888097,True,drop_ATT,ATT
4,0,age,0.02447870181547163,0.013268650974045478,1.8448523413083886,0.06505902105150435,1.024780764904938,0.9984733124812138,1.051781357590275,0.19517706315451303,False,drop_ATT,ATT
4,0,gender,-0.30442277003898655,0.1846247340025278,-1.6488731679625253,0.0991736211919588,0.7375489869146223,0.5136119556801186,1.0591235310682283,0.2644629898452235,False,drop_ATT,ATT
4,0,Education,-0.017105188622281095,0.13878389132015645,-0.12325053332610225,0.90190871076663,0.9830402745440964,0.7489211193654252,1.2903470824731904,0.9479800610146055,False,drop_ATT,ATT
4,0,Occupation,-0.044954012611499984,0.05277635659441977,-0.8517831755035006,0.3943344460379191,0.9560414466716083,0.8620899429980815,1.060231887841401,0.6165930172354109,False,drop_ATT,ATT
4,0,income,0.2287711195009715,0.10698141395673158,2.1384192920977614,0.032482728077015924,1.2570542908677265,1.0192708799869186,1.5503096588114464,0.10630711007023393,False,drop_ATT,ATT
5,0,CON,-0.4697271154729494,0.370769760902504,-1.2668970477246302,0.20519210450584657,0.6251728450039021,0.3022696295519561,1.2930213555017203,0.41038420901169315,False,drop_ATT,ATT
5,0,SNO,-2.5164681975655565,0.3845710027590074,-6.5435723949850395,6.006638650334942e-11,0.08074427658743263,0.03799778680318957,0.17157941949083622,1.441593276080386e-09,True,drop_ATT,ATT
5,0,COVID,-0.3680268346436896,0.3749307962308803,-0.98158603759255,0.3263038288436232,0.6920986092199622,0.33191007829651065,1.4431634234869262,0.5339517199259288,False,drop_ATT,ATT
5,0,PU,-2.519732584567439,0.418123134025917,-6.026293164662006,1.6776276389674955e-09,0.08048112576720551,0.035463406134798994,0.1826449377179506,2.0840143351203143e-08,True,drop_ATT,ATT
5,0,PEU,-0.9663308705496172,0.2850787891907418,-3.389697540433498,0.0006996977656510445,0.3804764976711251,0.21760249515449026,0.6652605944491098,0.0033585492751250137,True,drop_ATT,ATT
5,0,PO,0.3920946618565239,0.2967022571441893,1.3215088608711747,0.18633174998242286,1.4800778116845612,0.82742090271198,2.6475404736100847,0.38824677828308324,False,drop_ATT,ATT
5,0,PRI,-2.202356926403923,0.3673228213648399,-5.995698601629908,2.026125048033639e-09,0.11054231099253109,0.0538092627650992,0.22709106000788995,2.0840143351203143e-08,True,drop_ATT,ATT
5,0,age,-0.06435945653465995,0.04070632971430478,-1.581067538792207,0.11386259595441872,0.9376678880961883,0.8657631880051851,1.0155445282821383,0.28269334167993615,False,drop_ATT,ATT
5,0,gender,-0.1758313305754022,0.39851992433821226,-0.44121089018921744,0.6590603299734844,0.8387594444795302,0.38407002652485533,1.8317425394248554,0.8181438578981186,False,drop_ATT,ATT
5,0,Education,0.0482069668657834,0.28063340819814697,0.17177914481138998,0.863611161822645,1.0493878213589865,0.6054189912066648,1.8189300560620363,0.9479800610146055,False,drop_ATT,ATT
5,0,Occupation,0.0018575558001845838,0.11130231940829302,0.016689282038862698,0.9866844976657251,1.0018592821257097,0.8054976528771379,1.2460893183192674,0.9866844976657251,False,drop_ATT,ATT
5,0,income,0.12503261287564435,0.23341127204037873,0.5356751273520949,0.5921830965303228,1.1331854088990274,0.7171620302336456,1.790542606561733,0.7752215081851498,False,drop_ATT,ATT
6,0,CON,0.42428220419364476,0.2807905407623846,1.5110274122542047,0.13078146690206333,1.5284928800265014,0.8815555551530831,2.650190870711499,0.30375050377253415,False,drop_ATT,ATT
6,0,SNO,0.8301711632080224,0.3482352860270867,2.3839375173010167,0.01712851031026145,2.293711305652202,1.1590839589579343,4.539025420045231,0.06166263711694122,False,drop_ATT,ATT
6,0,COVID,0.39698666185005543,0.3200420886304472,1.2404201695748092,0.21482002459441019,1.487336091607195,0.7942985889093758,2.7850592715200713,0.4123299946443818,False,drop_ATT,ATT
6,0,PU,0.7255807980388738,0.2981741265826552,2.4334130072071813,0.014957229112224893,2.0659306400516937,1.1516083263065238,3.706181443818745,0.056680026109483805,False,drop_ATT,ATT
6,0,PEU,-0.5157400086994045,0.18042903570926042,-2.8584091616521037,0.004257709938798744,0.5970586025394824,0.4192109946223652,0.8503569310903306,0.01803265385844174,True,drop_ATT,ATT
6,0,PO,-0.29765361168301646,0.20450125277023767,-1.4555099670584308,0.14552813293692854,0.7425585087971499,0.4973426433880063,1.108678586720087,0.3274382991080892,False,drop_ATT,ATT
6,0,PRI,0.40439935941750677,0.2935667532737368,1.3775380042454055,0.16834597331984524,1.4984022285266732,0.8428287568713307,2.6638972865474524,0.3673003054251169,False,drop_ATT,ATT
6,0,age,0.004945278512325167,0.01879057075334352,0.2631787281631785,0.7924128255056319,1.0049575265838258,0.968618702731492,1.0426596424263381,0.905614657720722,False,drop_ATT,ATT
6,0,gender,-0.4549289331527087,0.2873246967675732,-1.5833269408119006,0.11334696547772233,0.6344930577672573,0.3612860186872414,1.114301189449989,0.28269334167993615,False,drop_ATT,ATT
6,0,Education,-0.12307028085399942,0.19450836499856042,-0.632724874608402,0.5269133231084093,0.8842015179392696,0.6039241452604666,1.2945538449848208,0.7295722935347206,False,drop_ATT,ATT
6,0,Occupation,0.19008234888065637,0.0749874120189975,2.5348567681266347,0.011249331161458825,1.2093491821083304,1.044049624444307,1.4008198557080211,0.0449973246458353,True,drop_ATT,ATT
6,0,income,0.14114980921752812,0.17170963286711835,0.8220261546232547,0.411062011490274,1.151597154931544,0.8225047089416119,1.6123628142541973,0.6165930172354109,False,drop_ATT,ATT
1,0,ATT,-0.6876166419613741,0.2419317363567787,-2.842192811559622,0.004480438569058677,0.5027729301299118,0.31292152296800935,0.8078083503935247,0.01897597511601322,True,drop_CON,CON
1,0,SNO,-1.672957825015112,0.2808080864570144,-5.957655444054335,2.5588228846104562e-09,0.18769108640895849,0.10824677827124775,0.3254410383383418,3.070587461532547e-08,True,drop_CON,CON
1,0,COVID,-0.5043701531022228,0.28300238337029937,-1.7822116799711574,0.07471471881865857,0.6038858112741287,0.3467834266741188,1.051601792380089,0.19923925018308952,False,drop_CON,CON
1,0,PU,-1.6014835554741857,0.2990678171222915,-5.354917726969347,8.559535513808858e-08,0.2015972153810763,0.11217933565720718,0.3622898728300054,6.847628411047086e-07,True,drop_CON,CON
1,0,PEU,-0.6285205938760278,0.20668298944104857,-3.040988499226727,0.0023580283750519906,0.5333803036929229,0.35571719738928126,0.7997773243901286,0.010611127687733958,True,drop_CON,CON
1,0,PO,-0.13749528544427003,0.22286550160298993,-0.6169428846336324,0.5372723991475057,0.8715384589041073,0.5630923295803058,1.3489426963338145,0.743915629588854,False,drop_CON,CON
1,0,PRI,-2.195997496979022,0.28394880872216477,-7.733779574077166,1.0439973566596711e-14,0.11124753705870383,0.06376587144578776,0.19408524060005167,7.516780967949632e-13,True,drop_CON,CON
1,0,age,-0.01405599204751359,0.023615534991845336,-0.5952010848946363,0.5517090651958274,0.9860423321880435,0.9414420903545977,1.0327554831339898,0.7494915602660297,False,drop_CON,CON
1,0,gender,-0.4350982503269781,0.29158340866300786,-1.4921913846951245,0.1356489802469393,0.6472010762368144,0.3654587989539428,1.146146253096178,0.2959614114478676,False,drop_CON,CON
1,0,Education,-0.3095476117262185,0.19558650127653485,-1.5826634747587047,0.11349818755249629,0.7337788340898932,0.5001250287954535,1.0765935443285652,0.27239565012599104,False,drop_CON,CON
1,0,Occupation,-0.10400761502345046,0.08061406634008496,-1.2901918951051992,0.19698403950287702,0.9012184345955611,0.7695024167364218,1.055480332731788,0.3833202930866796,False,drop_CON,CON
1,0,income,0.0010355965328726659,0.1621387446471014,0.0063871009679189565,0.9949038653989504,1.001036132948116,0.7285082396521845,1.3755140778450816,0.9949038653989503,False,drop_CON,CON
2,0,ATT,0.025860794713805136,0.2291421435784053,0.11285918124858764,0.9101421981510895,1.0261980863317897,0.6549097712190478,1.6079810665075611,0.9780632577146036,False,drop_CON,CON
2,0,SNO,0.7508030151025351,0.34072078346015877,2.2035726951488654,0.027554409313419802,2.118700682336825,1.086531246892329,4.131397595949083,0.08625728132896633,False,drop_CON,CON
2,0,COVID,-0.07209912904957065,0.3003754564304959,-0.24003002744085292,0.8103069784183214,0.9304386577397196,0.516419931543037,1.6763800987110908,0.9260651181923674,False,drop_CON,CON
2,0,PU,1.817479391454831,0.32951747902549605,5.515578101743749,3.47635315953522e-08,6.156321200623114,3.2272330607261375,11.743896400439679,3.128717843581698e-07,True,drop_CON,CON
2,0,PEU,0.10858524558483451,0.19101012553201807,0.5684790022643742,0.5697097596376469,1.114699927735555,0.7665965699155858,1.620873321974916,0.7565513387360846,False,drop_CON,CON
2,0,PO,0.09756107447669235,0.21785060141001222,0.4478347722945902,0.6542724461393854,1.102478772821309,0.7193364390942437,1.689695361536295,0.798434171559928,False,drop_CON,CON
2,0,PRI,2.0086307994349806,0.33298837233303147,6.032134952226169,1.6180756014959376e-09,7.4531055615770745,3.8805371689658914,14.314714714306962,2.3300288661541503e-08,True,drop_CON,CON
2,0,age,0.01290308283587728,0.018032245404046906,0.715556080053208,0.4742655012132754,1.0129866868052164,0.9778097884934017,1.0494290809112041,0.6829423217471166,False,drop_CON,CON
2,0,gender,-0.2957336662858351,0.280107446000965,-1.0557865223076444,0.29106575712061067,0.743985550070553,0.4296672270655108,1.288239977002923,0.48736591889962716,False,drop_CON,CON
2,0,Education,-0.09167949048961933,0.19341987951843284,-0.47399207732875415,0.6355055569167168,0.9123975347736071,0.6245134238159602,1.3329885791314526,0.798434171559928,False,drop_CON,CON
2,0,Occupation,0.03253980023868932,0.07573648199633598,0.4296449924920403,0.6674539030149993,1.033075008957698,0.8905609762061194,1.1983951718606807,0.8009446836179992,False,drop_CON,CON
2,0,income,-0.020464610305327282,0.1617675762290918,-0.1265062553471515,0.8993311977782718,0.97974336867967,0.7135312393912283,1.3452768645290911,0.9780632577146036,False,drop_CON,CON
3,0,ATT,-0.37048860204767736,0.17208339079168017,-2.1529596804387796,0.03132184743671643,0.690396918865758,0.4927407782453745,0.9673400835154169,0.09396554231014927,False,drop_CON,CON
3,0,SNO,-1.084713868120276,0.20351395175190287,-5.32992386410252,9.825394828015298e-08,0.3379984842014476,0.2268193907715858,0.503673759698625,7.074284276171015e-07,True,drop_CON,CON
3,0,COVID,-0.23469520426610602,0.20027171580900108,-1.1718839243876784,0.24124366202092562,0.7908118489769642,0.5340703178886577,1.1709757302272394,0.4197015112507588,False,drop_CON,CON
3,0,PU,-0.9552726234637667,0.2066605455957831,-4.622423795068404,3.792821613227731e-06,0.3847072500322345,0.2565767874664596,0.5768240755088223,2.4825741468399696e-05,True,drop_CON,CON
3,0,PEU,-0.5384662178351788,0.13942388405884631,-3.8620801699076868,0.00011242565826959628,0.5836427470546982,0.44408600489467265,0.767056048682161,0.0006226651842623794,True,drop_CON,CON
3,0,PO,0.14989725936836182,0.15286411202602856,0.9805915684306492,0.3267941938943836,1.161714881276067,0.8609521076488924,1.5675453412428872,0.5282372418134926,False,drop_CON,CON
3,0,PRI,-1.3575327305083789,0.20829240534594662,-6.517437485316344,7.151861120370918e-11,0.25729481010191557,0.171052313051595,0.38701972586253486,1.427584228335843e-09,True,drop_CON,CON
3,0,age,-0.000543235202226574,0.015451226381124823,-0.03515806375668592,0.9719537018153496,0.999456912323301,0.9696426873448601,1.0301878543797607,0.9856431905733122,False,drop_CON,CON
3,0,gender,-0.01866292563047445,0.19955893911934727,-0.09352087013908703,0.9254897703792793,0.9815101484043619,0.6637840247777572,1.4513187052720915,0.9799303451074721,False,drop_CON,CON
3,0,Education,-0.17017871798150358,0.1463262356863737,-1.1630089244300232,0.2448258815629426,0.8435140519958698,0.6331941815826326,1.1236931364973972,0.4197015112507588,False,drop_CON,CON
3,0,Occupation,-0.05591104435141947,0.057513830989073166,-0.9721321530823046,0.33098480817671716,0.945623250678675,0.8448145416169794,1.0584611037975202,0.5282372418134926,False,drop_CON,CON
3,0,income,0.0536979388717819,0.111140496694529,0.4831536700737566,0.6289866285768838,1.0551658294321842,0.8486253833331905,1.311974576141298,0.798434171559928,False,drop_CON,CON
4,0,ATT,-0.24894675356073637,0.16017067974956906,-1.554259206179127,0.12012259996034122,0.7796214843475501,0.569565616002887,1.0671459824449732,0.2789944257143409,False,drop_CON,CON
4,0,SNO,-0.6252962075836399,0.19254771212070304,-3.247487080976887,0.001164289496608001,0.5351029035039478,0.3668912767922832,0.7804358823730361,0.005987774553984005,True,drop_CON,CON
4,0,COVID,-0.15038260340405288,0.19032972056312525,-0.790116241221384,0.4294598856923627,0.8603787296128741,0.5924855137091491,1.24940026590026,0.644189828538544,False,drop_CON,CON
4,0,PU,-0.23109155910133167,0.19077283334153128,-1.2113441681060517,0.22576352766143049,0.7936667952899259,0.5460709795826744,1.1535258336327945,0.4063743497905749,False,drop_CON,CON
4,0,PEU,-0.1594837137072781,0.12973480766055337,-1.2293055085460312,0.21895728273541215,0.8525838527135481,0.6611570077361303,1.0994351075501034,0.40422882966537627,False,drop_CON,CON
4,0,PO,0.019363529990197605,0.14146830457959708,0.13687539444075775,0.8911292881531314,1.019552219064794,0.7726614100514345,1.3453327859751,0.9780632577146036,False,drop_CON,CON
4,0,PRI,-0.7708786001392935,0.19075364664118552,-4.0412260195965946,5.317247905713253e-05,0.46260644362132713,0.3183016542533473,0.6723330489185532,0.0003190348743427952,True,drop_CON,CON
4,0,age,0.025431818833739978,0.01329913080804018,1.9122918031879805,0.055838776600443736,1.0257579665117271,0.9993657236882993,1.0528472019022805,0.1546304582781519,False,drop_CON,CON
4,0,gender,-0.26726170235055885,0.18606957575811994,-1.4363535858112781,0.15090175326394942,0.7654727192402795,0.531549968857044,1.1023394191161993,0.3127213020436062,False,drop_CON,CON
4,0,Education,-0.009061957184973936,0.13977085564724034,-0.06483438298356627,0.9483058653678478,0.9909789786029298,0.7535101170577525,1.3032861985549666,0.985256007707097,False,drop_CON,CON
4,0,Occupation,-0.05011580326076495,0.053050479121611906,-0.9446814447402151,0.34482153285047434,0.9511192754095563,0.8571908049022838,1.055340154003079,0.5282372418134926,False,drop_CON,CON
4,0,income,0.22871309413976781,0.10712179088145415,2.135075340486719,0.03275485654554097,1.25698135195462,1.018931352049629,1.5506462883720424,0.09433398685115801,False,drop_CON,CON
5,0,ATT,-0.904563856881644,0.32124378584465707,-2.815817446875257,0.004865330391501339,0.4047183617440321,0.2156277630492483,0.7596283058196118,0.019461321566005357,True,drop_CON,CON
5,0,SNO,-2.5474202771058114,0.36903709142442814,-6.902884117347525,5.095719804745556e-12,0.0782833551016949,0.03797857947203161,0.16136158253341426,1.8344591297084e-10,True,drop_CON,CON
5,0,COVID,-0.28764646236250474,0.3752953244221415,-0.7664536263685312,0.44340643477576724,0.7500267080424922,0.35943378748925314,1.5650728516830865,0.6515359857929641,False,drop_CON,CON
5,0,PU,-2.6664645295022686,0.41010524576918117,-6.501903004193783,7.931023490754683e-11,0.06949749783022717,0.03110860496127864,0.15525936346789843,1.427584228335843e-09,True,drop_CON,CON
5,0,PEU,-0.9068283971160983,0.28546166452342475,-3.176708153194716,0.001489568518444353,0.40380289767406924,0.2307701098196934,0.7065766892314402,0.007149928888532895,True,drop_CON,CON
5,0,PO,0.5366880913744373,0.3043709272438921,1.763269889914255,0.0778549811067308,1.7103330050908423,0.9418785636640687,3.1057496169393546,0.2001985228458792,False,drop_CON,CON
5,0,PRI,-2.127866970481165,0.369268529379213,-5.7623837429590266,8.29341679192345e-09,0.1190910478443018,0.057749921547591426,0.2455878258633807,8.530371557406978e-08,True,drop_CON,CON
5,0,age,-0.06163247713969823,0.0405731996637424,-1.5190440401666208,0.1287514109327814,0.9402283787221936,0.8683538826693125,1.0180519967701023,0.28969067459875814,False,drop_CON,CON
5,0,gender,-0.07639847644908537,0.3996890933195511,-0.19114476158098428,0.848412179429383,0.9264469657002167,0.42325133688526967,2.027882502560879,0.9544637018580558,False,drop_CON,CON
5,0,Education,0.12747561321765427,0.28186745838316657,0.45225374347529596,0.6510861951541157,1.135957165563223,0.6537798498536781,1.9737510758143353,0.798434171559928,False,drop_CON,CON
5,0,Occupation,-0.0058765382900273794,0.11128887782448721,-0.05280436288786396,0.9578877852707887,0.9941406947876381,0.7993129451872729,1.23645654306436,0.985256007707097,False,drop_CON,CON
5,0,income,0.1301009392847824,0.23381626649962306,0.5564238161547761,0.577921161534509,1.1389433416489325,0.7202341272787679,1.801069799882388,0.7565513387360846,False,drop_CON,CON
6,0,ATT,-0.06512677901768996,0.23638441902268292,-0.27551214791124,0.7829227941453323,0.9369486704152739,0.5895237683543123,1.4891219966305673,0.9092006641687729,False,drop_CON,CON
6,0,SNO,0.9261620893840825,0.34370244345226525,2.6946625112157854,0.007045995757428534,2.524800600182056,1.2872463188223637,4.952135405220258,0.025365584726742725,True,drop_CON,CON
6,0,COVID,0.5354381078567275,0.3128700811836185,1.7113752322724889,0.08701186634404509,1.7081964526305533,0.9251612324912701,3.1539747000879004,0.21602946126797404,False,drop_CON,CON
6,0,PU,0.7492870811963699,0.29579360802519983,2.533141558395458,0.011304529015504097,2.1154913053517603,1.184749795750797,3.7774249711373153,0.036996640414377044,True,drop_CON,CON
6,0,PEU,-0.5020555446747048,0.1796353674605578,-2.7948591180683846,0.00519223366870778,0.605285189343545,0.4256487237987897,0.8607336048582623,0.019675832849840008,True,drop_CON,CON
6,0,PO,-0.25183969029834813,0.20368975844814782,-1.2363885755329107,0.21631416065726827,0.7773693479288344,0.5214866433485629,1.1588084005737103,0.40422882966537627,False,drop_CON,CON
6,0,PRI,0.417510543238217,0.2914676305962868,1.4324422316950622,0.1520172996045308,1.5181774103201957,0.8574726352205385,2.687972250698979,0.3127213020436062,False,drop_CON,CON
6,0,age,0.00530261664726021,0.01878241584833747,0.2823181368188892,0.7776995798101459,1.0053167004014933,0.968980376665637,1.0430156197630531,0.9092006641687729,False,drop_CON,CON
6,0,gender,-0.41102148899781515,0.2902665784452205,-1.4160138283897663,0.15677145576754128,0.6629726848290777,0.3753321233357451,1.1710502605616337,0.31354291153508257,False,drop_CON,CON
6,0,Education,-0.13621254073894165,0.19489892389086755,-0.6988881109226289,0.48462195807595077,0.8726571375839407,0.5955830534003681,1.2786302018305986,0.6841721761072246,False,drop_CON,CON
6,0,Occupation,0.19029440928636512,0.07495436032822161,2.538803726068435,0.011123220631523233,1.209605664380438,1.0443387009500888,1.4010261823775578,0.036996640414377044,True,drop_CON,CON
6,0,income,0.16375448885913702,0.17126368609786125,0.9561541771649512,0.3389943466894185,1.177925085857995,0.842044567268728,1.6477839319053045,0.5282372418134926,False,drop_CON,CON
1,0,ATT,-0.802179246711688,0.24382871057873315,-3.289929413183939,0.0010021251843676995,0.4483508316328084,0.2780140799015889,0.7230513947242789,0.005153786662462454,True,drop_SNO,SNO
1,0,CON,-0.3563426434468188,0.25995269565128437,-1.3707980313650507,0.170437924813713,0.7002326489968868,0.4206938416122754,1.1655168538765934,0.340875849627426,False,drop_SNO,SNO
1,0,COVID,-1.050094422517751,0.26407948838573075,-3.9764331146534126,6.995666312586966e-05,0.3499047086677336,0.2085262764064254,0.5871361022590001,0.000457898158642056,True,drop_SNO,SNO
1,0,PU,-1.5626774956761826,0.29364515608817904,-5.321652556757737,1.0282882501890923e-07,0.20957418533787803,0.1178642192234805,0.37264353380016607,1.0576679144802092e-06,True,drop_SNO,SNO
1,0,PEU,-0.6380122476890393,0.20169389693716144,-3.163269971861442,0.001560075849544671,0.5283415931762239,0.3558192913103226,0.7845129420949197,0.007273126430328549,True,drop_SNO,SNO
1,0,PO,-0.31324425111010606,0.21516333061850584,-1.4558440335054212,0.14543573997517406,0.7310713257768711,0.4795225396843807,1.1145780211393905,0.2991820936632152,False,drop_SNO,SNO
1,0,PRI,-2.2068340611718935,0.27638392190073013,-7.98466873903226,1.409001632039982e-15,0.11004850441280957,0.06402084483545933,0.18916765866839058,1.014481175068787e-13,True,drop_SNO,SNO
1,0,age,-0.021737781304859222,0.022950680926755188,-0.947151911275887,0.34356137567784206,0.9784967815633552,0.9354560487603126,1.0235178368868176,0.5628373340188273,False,drop_SNO,SNO
1,0,gender,-0.2455765600129716,0.28381324233710303,-0.8652751999544993,0.3868877593063136,0.782253392172036,0.4484982430000239,1.3643762915803097,0.5926791206394592,False,drop_SNO,SNO
1,0,Education,-0.42350473601927924,0.19166553202115857,-2.2096030076629907,0.02713272639577651,0.6547480747595857,0.44970243127577125,0.95328602112559,0.08139817918732954,False,drop_SNO,SNO
1,0,Occupation,-0.08357456788174586,0.07883521611021668,-1.0601171913438185,0.28909128769545933,0.9198224948988698,0.7881305017662878,1.0735194491595454,0.5076725052212945,False,drop_SNO,SNO
1,0,income,-0.09754498771836363,0.15800102132886842,-0.617369349248258,0.5369911341707088,0.9070615340090589,0.6654931131914223,1.236317266354954,0.7581051305939418,False,drop_SNO,SNO
2,0,ATT,0.0726607507652381,0.2555129294613556,0.2843721095383061,0.7761252304441041,1.0753656580491826,0.6517171755613664,1.7744066626991366,0.8441406074833219,False,drop_SNO,SNO
2,0,CON,0.07055072857951633,0.2814472941546057,0.2506711915331513,0.8020683354867195,1.0730990048381817,0.6181117776080427,1.8629987583166743,0.8441406074833219,False,drop_SNO,SNO
2,0,COVID,0.1209629036857048,0.2919038493553299,0.4143929720449098,0.6785863350476743,1.1285830453194348,0.6368834284304828,1.999894538505042,0.8143036020572091,False,drop_SNO,SNO
2,0,PU,1.7918123885011794,0.3278935969033448,5.464615367372859,4.6391159152641884e-08,6.000317524040243,3.15548099299282,11.409927826932202,5.566939098317026e-07,True,drop_SNO,SNO
2,0,PEU,0.19384176168488879,0.18838648657098175,1.0289578897786362,0.30349946335153954,1.213904181605333,0.8391248697082205,1.7560716114054629,0.520284794316925,False,drop_SNO,SNO
2,0,PO,0.16201603207598414,0.21538203525993724,0.7522263028132895,0.4519149784360591,1.1758790929528502,0.7709492300767368,1.793492473046495,0.653717296735839,False,drop_SNO,SNO
2,0,PRI,2.146224656451528,0.33568519082698506,6.39356371713672,1.6206341768641263e-10,8.552508711426182,4.4294777265840635,16.51332499541186,3.7004872552213715e-09,True,drop_SNO,SNO
2,0,age,0.01633666538665514,0.01797798478294114,0.9087039278260259,0.3635064302975902,1.0164708383551542,0.9812773037568923,1.0529265899360947,0.5750891802567917,False,drop_SNO,SNO
2,0,gender,-0.3602453909594365,0.2760675849807673,-1.3049173845764384,0.19192098087737552,0.6975051436121733,0.40602609115294164,1.1982319263866688,0.3734678546802983,False,drop_SNO,SNO
2,0,Education,-0.06717730777731665,0.19333324672613658,-0.34746898898602624,0.7282390120983413,0.9350293986537573,0.6401130539955815,1.365821195005409,0.819268888610634,False,drop_SNO,SNO
2,0,Occupation,0.04341920493724478,0.07485870725398212,0.5800154254592085,0.5619042155327238,1.0443756105101836,0.901852893667357,1.2094216512330938,0.7669932115635771,False,drop_SNO,SNO
2,0,income,0.02629315111621959,0.15927378552865445,0.1650814729426348,0.8688798553828196,1.0266418655730458,0.7513501667925495,1.4027993427441607,0.893704994108043,False,drop_SNO,SNO
3,0,ATT,-0.5029665740688114,0.1760555538892437,-2.856862864918348,0.004278506459864332,0.6047340078536273,0.4282554311378451,0.8539371451357027,0.017114025839457328,True,drop_SNO,SNO
3,0,CON,0.09175536179764408,0.18780627661877572,0.4885638725690542,0.6251504954355571,1.0960966421664804,0.7585512306822877,1.5838453625445907,0.7896637837080721,False,drop_SNO,SNO
3,0,COVID,-0.6326946507545336,0.1880594381601159,-3.3643334093971413,0.0007672879011824894,0.5311585839853525,0.3674047603050595,0.7678981652471517,0.0042495945296260945,True,drop_SNO,SNO
3,0,PU,-0.9647099984204994,0.20496526517588895,-4.706699925924731,2.5175907170153067e-06,0.3810937014910917,0.2550127033093189,0.5695104888167902,2.265831645313776e-05,True,drop_SNO,SNO
3,0,PEU,-0.5836973873649146,0.13758876037713474,-4.242333354592216,2.2120778779558035e-05,0.5578320278006667,0.4259763896080015,0.7305019217768369,0.00015926960721281784,True,drop_SNO,SNO
3,0,PO,1.4974240222419386e-05,0.14802627106625782,0.00010115934228807797,0.999919286522745,1.000014974352337,0.7481763871944149,1.336623242921252,0.9999192865227449,False,drop_SNO,SNO
3,0,PRI,-1.382464391874805,0.20522744055161932,-6.736255094148017,1.625208592929144e-11,0.25095932823742234,0.1678456997716749,0.3752290616623035,5.850750934544918e-10,True,drop_SNO,SNO
3,0,age,-0.0077431975408156425,0.015094074300046577,-0.5129958543262073,0.6079542206339797,0.9922867037861943,0.9633605029675862,1.0220814528701931,0.7896637837080721,False,drop_SNO,SNO
3,0,gender,0.08638025290179331,0.19468398604296785,0.44369470061460886,0.657263327390079,1.090220809122632,0.7443824282520682,1.5967349141153022,0.8106993333605893,False,drop_SNO,SNO
3,0,Education,-0.2329181735784871,0.1420288157049899,-1.6399360398968952,0.10101846637045692,0.7922183952685536,0.5997186488294639,1.046507369792247,0.22431598881905135,False,drop_SNO,SNO
3,0,Occupation,-0.04204570808904404,0.0561498630198983,-0.7488123002925928,0.45397034495544375,0.9588259534688067,0.8589028675299701,1.0703738965143077,0.653717296735839,False,drop_SNO,SNO
3,0,income,-0.0334794599792196,0.10839361441143841,-0.3088693015820923,0.7574209495603617,0.9670747747633733,0.7819762230346289,1.1959872850791444,0.838989359513016,False,drop_SNO,SNO
4,0,ATT,-0.34223243213249493,0.16709071357053992,-2.048183437722984,0.04054202867233751,0.7101831161478291,0.511846639657227,0.9853733899654014,0.1081120764595667,False,drop_SNO,SNO
4,0,CON,0.08935605876181042,0.18033889528502087,0.4954896647258792,0.6202545157379675,1.0934699265688084,0.7678904678467833,1.5570924895879392,0.7896637837080721,False,drop_SNO,SNO
4,0,COVID,-0.3749046252434616,0.1816382311338881,-2.064018257076695,0.03901598539686133,0.6873548319646177,0.4814679762486629,0.9812836747860857,0.10804426725284677,False,drop_SNO,SNO
4,0,PU,-0.24336960931647172,0.19002810406027773,-1.2807032439752903,0.20029791992012302,0.7839816932768999,0.5401952161985147,1.137787371977481,0.3795118482697068,False,drop_SNO,SNO
4,0,PEU,-0.19899758250197752,0.12933002585357498,-1.5386804509517291,0.12388232713771265,0.8195518745955669,0.6360459733105435,1.0560011435292487,0.2623390457033915,False,drop_SNO,SNO
4,0,PO,-0.0699980533093146,0.138418076806562,-0.505700230231751,0.6130671066362309,0.9323956349900793,0.7108474111247373,1.2229932986222838,0.7896637837080721,False,drop_SNO,SNO
4,0,PRI,-0.8226633075053379,0.1903664895984716,-4.321471227633242,1.5499226532543814e-05,0.43926021022557843,0.30246744500575873,0.6379183461669593,0.0001239938122603505,True,drop_SNO,SNO
4,0,age,0.021341904950655487,0.013082168236990231,1.6313736808788772,0.10281149487539853,1.0215712722094212,0.9957100833000935,1.0481041436727585,0.22431598881905135,False,drop_SNO,SNO
4,0,gender,-0.21577705604107933,0.1839707509440796,-1.1728878364293227,0.2408407879535217,0.8059149557171469,0.5619402632477264,1.1558148762909433,0.44462914699111694,False,drop_SNO,SNO
4,0,Education,-0.03506023540593138,0.13743288035843543,-0.25510805939955283,0.7986396395680375,0.9655472543750685,0.7375446273717112,1.264034020223942,0.8441406074833219,False,drop_SNO,SNO
4,0,Occupation,-0.04732394682798428,0.052505142917011256,-0.9013202173886796,0.36741808738628357,0.9537783740606005,0.8605065711345687,1.0571600698252217,0.5750891802567917,False,drop_SNO,SNO
4,0,income,0.17640433622647006,0.10563640122038787,1.669919972552264,0.09493519816984418,1.1929203020432704,0.9698217277835994,1.467340652677706,0.22431598881905135,False,drop_SNO,SNO
5,0,ATT,-0.9979644344435081,0.3165168767624118,-3.1529580496670127,0.0016162503178507887,0.36862904656746076,0.19822797675247525,0.6855105732270879,0.007273126430328549,True,drop_SNO,SNO
5,0,CON,-0.8050442154790906,0.34590228005727575,-2.3273747005824545,0.019945331076949607,0.44706815878951195,0.22695291988674537,0.8806669625717256,0.0652756289791078,False,drop_SNO,SNO
5,0,COVID,-1.0641699399698814,0.34684620335440003,-3.068132012627324,0.0021540143877814776,0.345014118372283,0.17482173200019402,0.6808921323126553,0.009122884465898023,True,drop_SNO,SNO
5,0,PU,-2.530037472040441,0.3979853787414743,-6.357111610584864,2.055826252900762e-10,0.07965603535579444,0.03651293073665282,0.17377635376264605,3.7004872552213715e-09,True,drop_SNO,SNO
5,0,PEU,-0.9643215636558377,0.27819299936598396,-3.46637609808146,0.0005275248069436385,0.3812417602870746,0.22100281446424028,0.6576625738415882,0.0031651488416618305,True,drop_SNO,SNO
5,0,PO,0.16869223488438526,0.2928511955412443,0.5760339635035813,0.5645922251787443,1.1837557641263137,0.6667793426753134,2.1015613703327065,0.7669932115635771,False,drop_SNO,SNO
5,0,PRI,-2.189001719762214,0.35313675964474084,-6.19873649507452,5.691823170506122e-10,0.11202852868038178,0.056070257932722294,0.22383330665876577,8.196225365528816e-09,True,drop_SNO,SNO
5,0,age,-0.07489167827423365,0.039891736761994145,-1.877373219447914,0.06046695930971037,0.9278439865471407,0.8580615183741194,1.0033015639752023,0.15548646679639808,False,drop_SNO,SNO
5,0,gender,0.1464538880880085,0.38690122904452967,0.3785304286824911,0.7050365935988552,1.157721544833615,0.5423343852397152,2.471388891890936,0.819268888610634,False,drop_SNO,SNO
5,0,Education,0.005372641252496347,0.2765649318488267,0.01942632862590507,0.9845010071632209,1.0053870997713916,0.5846776406980845,1.7288214052103423,0.9983672185317168,False,drop_SNO,SNO
5,0,Occupation,0.039776485983118184,0.10829643766539358,0.36729265376222864,0.7134007332019618,1.0405781643921783,0.8415713062698253,1.2866442904395154,0.819268888610634,False,drop_SNO,SNO
5,0,income,-0.053745461268438266,0.2223114655252757,-0.24175748714286477,0.8089680821715168,0.9476732953630793,0.6129475351755728,1.465190123469655,0.8441406074833219,False,drop_SNO,SNO
6,0,ATT,-0.1951688006264944,0.2592233476260618,-0.75289823395087,0.45151106947173614,0.8226957747723597,0.49497572304307963,1.3673970385197785,0.653717296735839,False,drop_SNO,SNO
6,0,CON,0.6350201851348031,0.3011069401679503,2.108952336935854,0.03494869595948819,1.887060231639466,1.045871576618263,3.40481221351227,0.100652244363326,False,drop_SNO,SNO
6,0,COVID,0.6948472805589228,0.30598032825661814,2.2708887349652476,0.023153714374448554,2.0034030919766135,1.0997972417978532,3.649421726481448,0.07248119282436069,False,drop_SNO,SNO
6,0,PU,0.7155527873511153,0.29779629850525235,2.4028263310952296,0.016268911671028844,2.045316995182388,1.1409623149907513,3.666485348217504,0.05577912572924175,False,drop_SNO,SNO
6,0,PEU,-0.499690835223096,0.18008662816549578,-2.774724810572225,0.005524843485375742,0.6067182066186837,0.42627925196532823,0.8635348320272743,0.020936248997213337,True,drop_SNO,SNO
6,0,PO,-0.19302060065023352,0.20395733115722428,-0.9463773601814784,0.34395614856706114,0.8244649894492835,0.552790070037912,1.22965761447377,0.5628373340188273,False,drop_SNO,SNO
6,0,PRI,0.5379448853757238,0.2966155802668052,1.8136096724650923,0.06973784025409038,1.7124838926800365,0.9575075700058906,3.062744540672957,0.17314222407912094,False,drop_SNO,SNO
6,0,age,0.00803601320222851,0.018518193868614346,0.4339523205796213,0.6643230648371495,1.0080683886213133,0.9721359220672984,1.0453290049981532,0.8106993333605893,False,drop_SNO,SNO
6,0,gender,-0.47632380759200815,0.28769804626896545,-1.6556379640711871,0.09779515718580853,0.6210623449819168,0.3533797651841753,1.0915125153060414,0.22431598881905135,False,drop_SNO,SNO
6,0,Education,-0.06875569131636823,0.19056871439083362,-0.3607921244373751,0.7182548506232775,0.9335547277466888,0.6425758777486961,1.356298080705478,0.819268888610634,False,drop_SNO,SNO
6,0,Occupation,0.19311094182388427,0.07440370153075075,2.595448046950625,0.009446768339863536,1.2130173604128007,1.0484151959934809,1.403462218294657,0.03400836602350873,True,drop_SNO,SNO
6,0,income,0.1801237509284483,0.16835810354484804,1.0698846514415985,0.28467123259417515,1.1973655290496974,0.8608300919894526,1.6654671154014768,0.5076725052212945,False,drop_SNO,SNO
1,0,ATT,-0.7127098544266085,0.24892820050765535,-2.8631141548974095,0.0041949939601986464,0.4903137167748252,0.30101080212413195,0.7986674868844189,0.016355515877554166,True,drop_COVID,COVID
1,0,CON,-0.1873171924478037,0.27110521011203376,-0.6909391094711724,0.4896038072406522,0.8291806848175353,0.4873935339623137,1.4106477828810071,0.6651221532325841,False,drop_COVID,COVID
1,0,SNO,-1.7935201430937846,0.27100765182432857,-6.6179686478239095,3.6416823296138934e-11,0.16637347920187134,0.09781325879106048,0.28298959592853584,7.964712865784459e-10,True,drop_COVID,COVID
1,0,PU,-1.6693026824484518,0.2947852312738422,-5.66277582915185,1.4894368519224575e-08,0.1883783794000184,0.10570725659221358,0.3357046145116892,1.3404931667302117e-07,True,drop_COVID,COVID
1,0,PEU,-0.6416390236588896,0.20478540926554706,-3.133226268219483,0.0017289610233787406,0.5264288871568992,0.3523894137461157,0.7864236620709381,0.007780324605204333,True,drop_COVID,COVID
1,0,PO,-0.15596073301889643,0.22291921486871344,-0.6996289355798615,0.4841590671885838,0.8555927862571799,0.552731795524415,1.3244018560589377,0.6651221532325841,False,drop_COVID,COVID
1,0,PRI,-2.1761468729833258,0.28467811244539776,-7.644236693471537,2.101884512034929e-14,0.11347793423548266,0.06495140049877411,0.19825964427965756,1.513356848665149e-12,True,drop_COVID,COVID
1,0,age,-0.0188516444004996,0.02356348190698877,-0.8000364494055664,0.4236896793049014,0.9813249364934196,0.9370336649585201,1.027709747254858,0.6402538057147654,False,drop_COVID,COVID
1,0,gender,-0.3913940573613517,0.2908028710178146,-1.345908504931421,0.17833202564107287,0.6761136759673949,0.3823695672373117,1.1955180066577662,0.34702448232857425,False,drop_COVID,COVID
1,0,Education,-0.32001563699657365,0.19689615531325297,-1.6253016037181787,0.10409830990150051,0.7261376823724632,0.4936482295344246,1.0681207836165907,0.24983594376360121,False,drop_COVID,COVID
1,0,Occupation,-0.1004183477284602,0.08044531290321912,-1.2482809017011336,0.21192820569973914,0.9044589605264378,0.7725248047486363,1.0589252361194277,0.39412803197900215,False,drop_COVID,COVID
1,0,income,0.015897065248024353,0.161798919625432,0.0982519863842503,0.921732202952682,1.0160240958349303,0.739908449582542,1.3951793142781603,0.9717844952632279,False,drop_COVID,COVID
2,0,ATT,0.02980871622119507,0.257574148504395,0.11572868004914107,0.9078675755749794,1.0302574435670735,0.6218622866554245,1.7068576480720126,0.9717844952632279,False,drop_COVID,COVID
2,0,CON,-0.023119857621773834,0.2829617393807248,-0.08170665642773027,0.934879984997423,0.9771453584354457,0.5611736601045538,1.7014573551688825,0.9717844952632279,False,drop_COVID,COVID
2,0,SNO,0.7377318586611914,0.32906910380859644,2.241875187074063,0.02496944011989976,2.091187023670334,1.0971944428222855,3.9856774672668505,0.07490832035969928,False,drop_COVID,COVID
2,0,PU,1.7782483565454612,0.32246846019059355,5.514487697477252,3.497973734821928e-08,5.919478516255019,3.1462465614794413,11.137151910919519,2.518541089071788e-07,True,drop_COVID,COVID
2,0,PEU,0.11227505409688752,0.19104238401596368,0.5876970949415378,0.5567356258401133,1.1188205545040755,0.7693817424235191,1.6269679460261417,0.7288175465543302,False,drop_COVID,COVID
2,0,PO,0.09207773922011246,0.2181179213961992,0.4221466013920897,0.6729180148635906,1.0964500559400083,0.7150281354973156,1.6813362516632893,0.8075016178363087,False,drop_COVID,COVID
2,0,PRI,2.0017631021096713,0.3319332779231697,6.0306189082162645,1.6333293969168224e-09,7.402095250627372,3.861956334056999,14.187372761359562,1.679995951114446e-08,True,drop_COVID,COVID
2,0,age,0.013822665089942154,0.018071513750661277,0.7648869530609383,0.4443388636242165,1.0139186398240612,0.9786340541753823,1.0504754088584367,0.6529060853253794,False,drop_COVID,COVID
2,0,gender,-0.28834384496996945,0.27981304441662025,-1.0304875012926398,0.3027812165044663,0.749503834803712,0.43310399265253685,1.2970464551596639,0.525235979179507,False,drop_COVID,COVID
2,0,Education,-0.08695963978540723,0.19391489869225567,-0.4484422825262787,0.6538340321774754,0.9167140936640635,0.6268595032420731,1.3405950219722578,0.7978991579114955,False,drop_COVID,COVID
2,0,Occupation,0.02847367396207878,0.07515275869477128,0.37887729547923865,0.7047789850524577,1.0288829240671062,0.887962529774914,1.192167502501732,0.8318702774389665,False,drop_COVID,COVID
2,0,income,-0.014975036622285285,0.16165087639923711,-0.09263814063897001,0.9261910421695304,0.985136531631451,0.7176231170474359,1.3523728025203707,0.9717844952632279,False,drop_COVID,COVID
3,0,ATT,-0.4567514203645501,0.17997860382989045,-2.537809554274883,0.01115486684784662,0.6333377553651753,0.44507632980600664,0.9012312844087474,0.034919583175867686,True,drop_COVID,COVID
3,0,CON,0.20884931181258354,0.19235491353922782,1.0857498151197056,0.2775896947712432,1.2322592976191542,0.8452132482046955,1.7965442209929803,0.4996614505882377,False,drop_COVID,COVID
3,0,SNO,-1.2143889755542536,0.19635157500390232,-6.184768192107033,6.219379290772355e-10,0.29689136676583117,0.202050409130601,0.43624996375586944,7.463255148926826e-09,True,drop_COVID,COVID
3,0,PU,-1.0219672859903923,0.2071229158697364,-4.934110171725891,8.051698427661227e-07,0.35988624413153353,0.239805236160583,0.5400970837366176,5.2702026071964394e-06,True,drop_COVID,COVID
3,0,PEU,-0.5427393195838526,0.13933661564978786,-3.895166514938092,9.813129153513365e-05,0.5811541031128086,0.44226807056478157,0.7636547018498416,0.0005434963838868941,True,drop_COVID,COVID
3,0,PO,0.12817928890347957,0.1525385053268868,0.8403077546144435,0.40073585462269556,1.136756792306722,0.8429933735765459,1.5328898723996103,0.6402538057147654,False,drop_COVID,COVID
3,0,PRI,-1.3748415041319193,0.20865373712735485,-6.589105582579452,4.424840480991366e-11,0.2528796730119207,0.16799806308495935,0.3806480137230887,7.964712865784459e-10,True,drop_COVID,COVID
3,0,age,-0.0013663769389988371,0.015421926928772317,-0.08859962476217033,0.9294001063101975,0.9986345561289484,0.9689005017661034,1.0292811025250217,0.9717844952632279,False,drop_COVID,COVID
3,0,gender,-0.0008401802224547256,0.19905890848276867,-0.0042207617275639535,0.9966323293818318,0.9991601726301216,0.6763831044891646,1.4759698223453286,0.9966323293818318,False,drop_COVID,COVID
3,0,Education,-0.14990743269757972,0.14656126046559292,-1.022831218982129,0.30638765452137906,0.8607876535282974,0.6458632381838126,1.1472326348072412,0.525235979179507,False,drop_COVID,COVID
3,0,Occupation,-0.05710946043920839,0.057389903564522955,-0.995113371727498,0.3196811278588101,0.9444906793434787,0.8440076913737131,1.056936628047522,0.5352800280426587,False,drop_COVID,COVID
3,0,income,0.05494026494115473,0.11098640591402456,0.49501796628781836,0.6205874384438126,1.0564775040446817,0.849936965357715,1.313208816706455,0.7838999222448159,False,drop_COVID,COVID
4,0,ATT,-0.30856729830901913,0.16933256084499043,-1.8222561376809643,0.06841613019783085,0.7344985200274631,0.5270503903943745,1.0235986648617266,0.17592719193727935,False,drop_COVID,COVID
4,0,CON,0.12760615512090584,0.18046487671338607,0.7070969013187517,0.4795062614902805,1.136105465253079,0.7976343430800602,1.6182046816010298,0.6651221532325841,False,drop_COVID,COVID
4,0,SNO,-0.7035631189885886,0.18455410654756577,-3.812232261584799,0.00013771737245354092,0.49481905980342117,0.3446281849756801,0.7104639510608225,0.0007082607726182105,True,drop_COVID,COVID
4,0,PU,-0.26282778471071666,0.1894157835758304,-1.3875706646457824,0.16526781941061308,0.7688742978197587,0.5304218102795525,1.1145237137520025,0.33053563882122616,False,drop_COVID,COVID
4,0,PEU,-0.16136229413348,0.1297086174888387,-1.2440368053985702,0.2134860173219595,0.8509837088462029,0.6599500131960764,1.0973153394065946,0.39412803197900215,False,drop_COVID,COVID
4,0,PO,0.009804377183301032,0.14157908700064137,0.06925017946511138,0.944790481505916,1.0098525975506603,0.7651444546774445,1.3328231846229939,0.9717844952632279,False,drop_COVID,COVID
4,0,PRI,-0.7789091274636102,0.19094237395849736,-4.07928900911702,4.517364842092512e-05,0.45890634668491803,0.31563898203329893,0.6672022374140121,0.0002710418905255507,True,drop_COVID,COVID
4,0,age,0.024890941445772828,0.013284957367175184,1.8736184661965125,0.060983030978061965,1.0252033072369657,0.998853083218486,1.0522486628193255,0.16262141594149856,False,drop_COVID,COVID
4,0,gender,-0.25823130203493777,0.1857653032761284,-1.3900943689742387,0.16450022300096934,0.7724165499231315,0.5366917903470881,1.1116758954134625,0.33053563882122616,False,drop_COVID,COVID
4,0,Education,0.001355059201828789,0.14001056044492177,0.009678264250373103,0.9922779829314559,1.0013559777093795,0.7610428316933397,1.317552379888059,0.9966323293818318,False,drop_COVID,COVID
4,0,Occupation,-0.05141665083656676,0.05297968689994391,-0.9704974461942545,0.3317985972550975,0.9498828186011238,0.856195246485692,1.053821979013631,0.542943159144705,False,drop_COVID,COVID
4,0,income,0.22956573248552997,0.1070698049746962,2.144075377178311,0.03202684762800995,1.2580535594928781,1.0199044176664271,1.551810866918259,0.09223732116866865,False,drop_COVID,COVID
5,0,ATT,-0.8913554187828281,0.32568438799499844,-2.7368687343911513,0.006202703774731992,0.410099519281593,0.21660132671420043,0.7764569971305151,0.02232973358903517,True,drop_COVID,COVID
5,0,CON,-0.26645218427543055,0.373356571099821,-0.7136667863927634,0.4754332489227582,0.7660926341248205,0.36853077240622134,1.5925343770570801,0.6651221532325841,False,drop_COVID,COVID
5,0,SNO,-2.5549444267462436,0.3693957851979393,-6.916550023377193,4.627750549834726e-12,0.077696549797404,0.03766740430789542,0.16026466281232768,1.6659901979405015e-10,True,drop_COVID,COVID
5,0,PU,-2.6208020471404363,0.403909610040353,-6.488585520108329,8.664596973973435e-11,0.072744494909529,0.032959857979665275,0.1605517093825849,1.2477019642521747e-09,True,drop_COVID,COVID
5,0,PEU,-0.90921165888118,0.28529772312208307,-3.18688718904397,0.001438128553337357,0.4028416755443615,0.23029476671190544,0.704668273067619,0.006903017056019313,True,drop_COVID,COVID
5,0,PO,0.5105835324608761,0.30626747880885985,1.6671163861296843,0.09549126446107362,1.666263229994368,0.9142047420408382,3.036992725976517,0.2370817600412862,False,drop_COVID,COVID
5,0,PRI,-2.0944474748556643,0.37420389006506505,-5.597075632996467,2.1799762156269628e-08,0.1231382618472567,0.05913767378417761,0.2564022316146708,1.7439809725015703e-07,True,drop_COVID,COVID
5,0,age,-0.06386819667604028,0.04039034026101318,-1.581274043825997,0.11381539175293165,0.9381286398554823,0.8667252380250797,1.015414466206684,0.264345426006809,False,drop_COVID,COVID
5,0,gender,-0.04498299270733619,0.39979002523644974,-0.11251654585611955,0.910413851350683,0.9560137409003203,0.43667265309516673,2.0930146788721373,0.9717844952632279,False,drop_COVID,COVID
5,0,Education,0.1338927043051757,0.2840768174989557,0.47132569804175556,0.6374081670258052,1.143270145098949,0.6551455475756116,1.995078237975388,0.7912653107906548,False,drop_COVID,COVID
5,0,Occupation,-0.009959450757389637,0.11130219444101935,-0.0894811715744499,0.928699516459089,0.9900899803340244,0.7960352964382081,1.2314506323325105,0.9717844952632279,False,drop_COVID,COVID
5,0,income,0.12822870928397717,0.2318257008052022,0.5531255112724744,0.5801774688241323,1.1368129726481466,0.7216971670513738,1.7907008559576636,0.7459424599167416,False,drop_COVID,COVID
6,0,ATT,-0.2118427643733284,0.25981916512938974,-0.8153469520534826,0.4148737401501179,0.8090919056382353,0.4862227980018654,1.3463575020741818,0.6402538057147654,False,drop_COVID,COVID
6,0,CON,0.6074783430539054,0.29681549684423897,2.0466530538757355,0.04069216175007593,1.835796308670792,1.0260535816744474,3.284573191031078,0.11268598638482566,False,drop_COVID,COVID
6,0,SNO,1.0054704345799785,0.3338502605931279,3.011740751058966,0.0025975433320208625,2.733192758821184,1.420663369032001,5.258348191213399,0.0110013599944413,True,drop_COVID,COVID
6,0,PU,0.7754874485222015,0.2958456124417637,2.621257223055332,0.008760613478682698,2.171650437022969,1.2160769321778369,3.878098083956075,0.02950397987251694,True,drop_COVID,COVID
6,0,PEU,-0.5193926258390376,0.1819819074429692,-2.8540893605140862,0.004316038912132349,0.594881754071715,0.41641323249202583,0.8498392311157332,0.016355515877554166,True,drop_COVID,COVID
6,0,PO,-0.2940949844780581,0.20573216176049688,-1.4295041765051242,0.15285937538451796,0.7452057051065948,0.49791294746303366,1.1153185426346968,0.3237022066966263,False,drop_COVID,COVID
6,0,PRI,0.4245335589410474,0.29271035606095325,1.4503537375788769,0.14695990085316513,1.5288771222567985,0.8614151327117012,2.7135177525869323,0.32063978367963303,False,drop_COVID,COVID
6,0,age,0.0046274715621808515,0.018695519112847423,0.24751768240556032,0.8045076085767331,1.0046381948428886,0.9684913321924371,1.0421341616474402,0.9342669002826578,False,drop_COVID,COVID
6,0,gender,-0.43332316591562325,0.29098210036959454,-1.4891746446438885,0.13644138575014056,0.6483509330227565,0.36653983155745323,1.1468301563989498,0.30699311793781625,False,drop_COVID,COVID
6,0,Education,-0.12539225470170398,0.19302970404810568,-0.6496008234590387,0.5159501010374619,0.882150806908583,0.604272227601589,1.2878136882414253,0.6879334680499491,False,drop_COVID,COVID
6,0,Occupation,0.19574492722722803,0.07495552988416784,2.611480801079273,0.009015104961046842,1.2162166420149656,1.050044021631854,1.4086865786973277,0.02950397987251694,True,drop_COVID,COVID
6,0,income,0.13642298965427174,0.17168378619056682,0.7946177835502997,0.4268358704765103,1.1461666076902357,0.8186675238962359,1.6046781559526606,0.6402538057147654,False,drop_COVID,COVID
1,0,ATT,-0.5981005195081915,0.24049089614693692,-2.486998589513175,0.012882590978802228,0.5498550837809951,0.34319287366743506,0.8809641352074897,0.061836436698250695,False,drop_PU,PU
1,0,CON,-0.3165597809231431,0.26132975111132056,-1.2113422967609064,0.22576424456777744,0.7286514508013677,0.4365876626288995,1.2160969770834598,0.41679552843281986,False,drop_PU,PU
1,0,SNO,-1.6251991446527514,0.2759895289660988,-5.8886261038272325,3.89419347160253e-09,0.1968724652013736,0.11461935221913389,0.3381520380639168,4.673032165923036e-08,True,drop_PU,PU
1,0,COVID,-0.7828957393945423,0.27340718632360894,-2.863479010635422,0.00419016574408896,0.45708050704327635,0.2674630576064687,0.7811269032388635,0.02320707181341578,True,drop_PU,PU
1,0,PEU,-0.6679287752120011,0.1977388819432376,-3.3778322636806197,0.000730596307176096,0.5127695396430424,0.348019424296729,0.7555112802024393,0.004782084919698083,True,drop_PU,PU
1,0,PO,-0.34874786671771196,0.21392833607058265,-1.630208849951731,0.10305736412625457,0.7055710057784184,0.46391802834321455,1.0731000172014555,0.244792224471001,False,drop_PU,PU
1,0,PRI,-2.294010275198289,0.27686054093267853,-8.28579712901775,1.1732061959776097e-16,0.10086116868523404,0.05862131358768384,0.1735371441879212,8.44708461103879e-15,True,drop_PU,PU
1,0,age,-0.007096370509970943,0.022906252976164335,-0.30980058228446383,0.7567126087845484,0.9929287492723535,0.9493358668939016,1.0385233883107314,0.9019488061991414,False,drop_PU,PU
1,0,gender,-0.4536592439882392,0.2856080959357243,-1.588397704560639,0.11219643621587547,0.6352991783806432,0.36296418553518234,1.1119693406004065,0.244792224471001,False,drop_PU,PU
1,0,Education,-0.3464244367033517,0.19044919045953898,-1.8189861341361266,0.06891354553536454,0.7072122565578333,0.48689594208978504,1.0272198484114572,0.1837694547609721,False,drop_PU,PU
1,0,Occupation,-0.11945034628095848,0.07933260073614762,-1.5056905379698633,0.13214663409025276,0.8874080698360948,0.7596159945492154,1.0366989216407314,0.27983993101465293,False,drop_PU,PU
1,0,income,0.0513702595128528,0.15825634871002456,0.32460157163728887,0.7454826375979083,1.0527125979865195,0.771967997402231,1.4355566781120097,0.9019488061991414,False,drop_PU,PU
2,0,ATT,0.06912643885730495,0.25287467927924356,0.2733624380832936,0.7845746235844735,1.071571688883077,0.652784687320891,1.7590269911635872,0.9019488061991414,False,drop_PU,PU
2,0,CON,-0.0779218225979145,0.27795211668421066,-0.2803426127042008,0.7792146607230683,0.925036740686057,0.5364896701205095,1.594984990907416,0.9019488061991414,False,drop_PU,PU
2,0,SNO,0.7710930736588799,0.3425290995194284,2.251175373831686,0.024374431986932954,2.1621283281116925,1.1048792341121048,4.231049659449697,0.09236626858206172,False,drop_PU,PU
2,0,COVID,0.24346633908660267,0.29156238153051584,0.8350403018680266,0.4036950171832435,1.2756633771234946,0.7203659525157188,2.25901438852166,0.601653316029937,False,drop_PU,PU
2,0,PEU,0.2752798093667868,0.18754684069265215,1.4677923037792442,0.14216064865762615,1.3168991040246725,0.9118206185950889,1.901934673130154,0.29244476295283095,False,drop_PU,PU
2,0,PO,0.3378608656669831,0.21137232958504687,1.5984157733902575,0.10995047652211133,1.401945431092526,0.9264187800263536,2.1215578031625157,0.244792224471001,False,drop_PU,PU
2,0,PRI,2.206499730379934,0.32454306919168696,6.798788634973729,1.055024676925923e-11,9.083864705152607,4.808548708398621,17.160395575778114,1.8990444184666615e-10,True,drop_PU,PU
2,0,age,0.017196117449207574,0.017362015968555113,0.9904447433035425,0.3219567849339564,1.0173448218333565,0.9833074567332468,1.0525603964700918,0.5172668029249531,False,drop_PU,PU
2,0,gender,-0.16655614522924458,0.2687742741919115,-0.6196878244021202,0.535463333225144,0.846575284437673,0.49989673962145115,1.4336755081928387,0.700970181676552,False,drop_PU,PU
2,0,Education,-0.12099111883995686,0.18814124111744454,-0.6430866412985436,0.5201678821144643,0.8860418286372175,0.612780825252171,1.281159738919234,0.700970181676552,False,drop_PU,PU
2,0,Occupation,-0.01206492959881946,0.0728530528854426,-0.16560636954762753,0.8684667343406366,0.988007559844747,0.8565377279118008,1.1396566741901741,0.9019488061991414,False,drop_PU,PU
2,0,income,0.021425288965874978,0.15409891237019216,0.13903595188527326,0.8894217394463756,1.0216564584754682,0.7553239270616882,1.381899714477586,0.9019488061991414,False,drop_PU,PU
3,0,ATT,-0.38058870357697205,0.17527426586678285,-2.1713895174220177,0.029901740630554074,0.6834589360349228,0.4847479253633958,0.9636268518236789,0.10252025359047112,False,drop_PU,PU
3,0,CON,0.12382130662726029,0.18987465400372866,0.6521213022188246,0.514322922915937,1.1318136053374963,0.7801001148056261,1.6420995368603977,0.700970181676552,False,drop_PU,PU
3,0,SNO,-1.0917923712260595,0.20070240207096288,-5.439857021940533,5.332334816606377e-08,0.33561440867881454,0.22646404706004297,0.4973726857533664,5.484687239937987e-07,True,drop_PU,PU
3,0,COVID,-0.4004270605220371,0.19703543421983744,-2.032259132006025,0.04212742943017669,0.6700338399248628,0.45538297462437183,0.9858632660010505,0.13187717039011831,False,drop_PU,PU
3,0,PEU,-0.5647378978955879,0.13562700967518848,-4.163904367191107,3.1285119410196096e-05,0.5685091346722396,0.4358021875526876,0.7416269248687608,0.00025028095528156877,True,drop_PU,PU
3,0,PO,-0.021469998133318225,0.14652819847697063,-0.14652468505365945,0.8835072043588981,0.9787588416209356,0.7344265655847944,1.304376659208077,0.9019488061991414,False,drop_PU,PU
3,0,PRI,-1.465572734277625,0.20570849477451797,-7.124512460625773,1.0444974111044485e-12,0.23094568308319935,0.1543146801178735,0.345630814216929,3.760190679976015e-11,True,drop_PU,PU
3,0,age,0.0029042864874393583,0.015128879420107374,0.19196970289678902,0.8477659375985434,1.0029085080132907,0.9736062506614064,1.0330926642697198,0.9019488061991414,False,drop_PU,PU
3,0,gender,-0.03313330966703921,0.19609888433373265,-0.16896225483185812,0.8658263307613532,0.9674095859427135,0.6586999738985747,1.4208005830556745,0.9019488061991414,False,drop_PU,PU
3,0,Education,-0.1657567937867521,0.1438346039305697,-1.1524124880739022,0.24915161173262135,0.8472522661495736,0.6391138844930155,1.1231744762751008,0.4484729011187184,False,drop_PU,PU
3,0,Occupation,-0.06149807128879215,0.05629529929556341,-1.092419297140832,0.27464884491598884,0.9403547594104434,0.8421165466175411,1.0500530800607522,0.4823101666817365,False,drop_PU,PU
3,0,income,0.0789543929369727,0.10988095000606601,0.7185448699944258,0.4724213919473601,1.0821549670350672,0.8724828606305767,1.342214759189995,0.6669478474550967,False,drop_PU,PU
4,0,ATT,-0.2842539748836173,0.16739286606277845,-1.6981247861364155,0.08948421239370132,0.7525754851611051,0.5420787502857847,1.0448110363427487,0.23010226044094623,False,drop_PU,PU
4,0,CON,0.13626307241459354,0.18294727988940399,0.744821527256201,0.45637961919831715,1.1459833305451006,0.8006642397229164,1.6402353555114735,0.6571866516455768,False,drop_PU,PU
4,0,SNO,-0.6452359658614158,0.19318642800996957,-3.339965299364186,0.0008378885864179785,0.524538754263319,0.3591980523485749,0.7659866275029544,0.005027331518507871,True,drop_PU,PU
4,0,COVID,-0.19069479789306684,0.19047445041037595,-1.0011568348522133,0.3167509913495692,0.8263847640380523,0.5689147270364692,1.2003763407419237,0.5172668029249531,False,drop_PU,PU
4,0,PEU,-0.1752359340382561,0.1293843435951659,-1.3543828346539089,0.17561427109137495,0.8392589876466506,0.6512711258700369,1.0815090986948457,0.34173587888051343,False,drop_PU,PU
4,0,PO,-0.03348365429375687,0.1390969367922166,-0.24072172303675418,0.8097708014258518,0.9670707185560935,0.7363029335730141,1.2701644011525033,0.9019488061991414,False,drop_PU,PU
4,0,PRI,-0.8275951628184315,0.19099916988536203,-4.332977799406957,1.4710594909113843e-05,0.4370991757588754,0.30060639258835004,0.6355676198500532,0.00013239535418202458,True,drop_PU,PU
4,0,age,0.025940146373955853,0.01327982696038343,1.9533497274731717,0.05077816885434956,1.0262795200844927,0.9999116894312122,1.053342674635582,0.15233450656304867,False,drop_PU,PU
4,0,gender,-0.2678968499559107,0.1852462811830743,-1.4461658730474318,0.1481306831593489,0.7649866854436322,0.5320703502480361,1.0998632579944154,0.2962613663186978,False,drop_PU,PU
4,0,Education,-0.0011763794907806227,0.1399438932151296,-0.008406079491959154,0.9932929979451331,0.9988243121723265,0.7592179336500419,1.3140495796644123,0.9932929979451333,False,drop_PU,PU
4,0,Occupation,-0.052004633775014554,0.052651403133101224,-0.987716009078587,0.32329175182809566,0.9493244678766978,0.856242726606541,1.0525250811543545,0.5172668029249531,False,drop_PU,PU
4,0,income,0.23826141127600922,0.10740657084216271,2.2183131758869927,0.026533486418193794,1.2690408910668332,1.028132996225753,1.56639733294396,0.09552055110549766,False,drop_PU,PU
5,0,ATT,-0.6492636365430756,0.3159686178217603,-2.054835828377516,0.03989486434701879,0.5224303337633498,0.2812357122975511,0.9704793584227237,0.1305650105902433,False,drop_PU,PU
5,0,CON,-0.6680865648797673,0.3526997813430224,-1.894207482453786,0.05819747533742374,0.5126886362907659,0.25682043460835763,1.0234763373970688,0.16760872897178036,False,drop_PU,PU
5,0,SNO,-2.408915533569511,0.37403437320398525,-6.440358710710721,1.1919146575278095e-10,0.08991274907767444,0.04319532941159444,0.187156865263652,1.7163571068400458e-09,True,drop_PU,PU
5,0,COVID,-0.843182904010073,0.35501648417109344,-2.3750528260082624,0.017546438799763694,0.4303386147578918,0.21459232513994983,0.8629913638848256,0.07018575519905478,False,drop_PU,PU
5,0,PEU,-1.0623758237242726,0.2708196726483606,-3.922816290763668,8.751988528545693e-05,0.3456336694141267,0.2032776740541057,0.5876820166728043,0.0006301431740552899,True,drop_PU,PU
5,0,PO,0.06231853027736361,0.27804732710792496,0.22412921902743008,0.8226567572651478,1.0643013029301636,0.6171431755547879,1.835452952065064,0.9019488061991414,False,drop_PU,PU
5,0,PRI,-2.4013227295750066,0.3500787169205783,-6.8593793724392285,6.916034936264418e-12,0.09059803729531238,0.045616900107098735,0.17993340938319283,1.6598483847034603e-10,True,drop_PU,PU
5,0,age,-0.039880131115236195,0.037256887483842635,-1.0704096291600096,0.28443496689430436,0.9609046148137383,0.8932367366714241,1.0336987283025143,0.487602800390236,False,drop_PU,PU
5,0,gender,-0.16130034283024416,0.38835359086030685,-0.41534402314375635,0.6778900783061548,0.8510364300290546,0.3975345696817303,1.8218868507874655,0.8562822041761955,False,drop_PU,PU
5,0,Education,0.048713488462025466,0.2699898209717734,0.18042712975878566,0.8568172573430696,1.0499194935937055,0.6184947591667491,1.7822801676010147,0.9019488061991414,False,drop_PU,PU
5,0,Occupation,-0.026659442859492635,0.10652640996221764,-0.2502613471058313,0.8023852460524035,0.9736927830966516,0.7902142194761924,1.1997729381318312,0.9019488061991414,False,drop_PU,PU
5,0,income,0.1410023311681525,0.2250217327528614,0.626616502518064,0.530910648259048,1.1514273321523423,0.7407883922162484,1.789694486520034,0.700970181676552,False,drop_PU,PU
6,0,ATT,-0.23339595961320964,0.25785945468349425,-0.9051285705218296,0.3653972777719162,0.7918399747920524,0.47768656143391847,1.3125982522860162,0.5597575319059143,False,drop_PU,PU
6,0,CON,0.554793520353218,0.3000787384954985,1.8488264884569308,0.06448287120795444,1.7415813465450891,0.9671895277795469,3.1359992013118103,0.17856795103741233,False,drop_PU,PU
6,0,SNO,0.8589503824769015,0.35002567871869483,2.4539639080800533,0.014129116169196116,2.360681580119917,1.1887472864563067,4.687974968447848,0.06358102276138253,False,drop_PU,PU
6,0,COVID,0.5334251149877852,0.31793572992765445,1.6777765591466076,0.09339072708880122,1.7047613239573856,0.9141789712778062,3.1790396224042885,0.23186663277219616,False,drop_PU,PU
6,0,PEU,-0.46819648310179546,0.1841704172336199,-2.5421915752511377,0.011015977593859054,0.6261304875103751,0.4364111388783914,0.8983258044181684,0.056653599054132274,False,drop_PU,PU
6,0,PO,-0.1679158568981952,0.2035721459767866,-0.8248469165194274,0.409458506742596,0.8454249683710943,0.5672714948197992,1.2599670240302003,0.601653316029937,False,drop_PU,PU
6,0,PRI,0.4738907038625305,0.293739059214942,1.6133050372295348,0.10667825272069853,1.6062314225430092,0.9031759877969657,2.85656330285933,0.244792224471001,False,drop_PU,PU
6,0,age,0.0056921065552960155,0.01883802667671984,0.3021604466847029,0.7625297547467893,1.005708337375053,0.9692522066940099,1.0435356792383397,0.9019488061991414,False,drop_PU,PU
6,0,gender,-0.36718448199952103,0.2878541200640245,-1.2755922406733378,0.20209969842846287,0.6926818459244675,0.3940101702007804,1.2177557229774711,0.38292574439077176,False,drop_PU,PU
6,0,Education,-0.09327643681626448,0.19638129929388254,-0.4749761670365429,0.6348039606749833,0.9109416476781895,0.6199082576449483,1.33860885903851,0.8161765208678357,False,drop_PU,PU
6,0,Occupation,0.18200006107912137,0.07495109036412449,2.4282510126928867,0.015171838652395884,1.1996142671512515,1.035719054313508,1.3894447378943673,0.06425719899838256,False,drop_PU,PU
6,0,income,0.15794564538547995,0.1711012904095707,0.9231119473582013,0.3559488691228766,1.1711025381506468,0.8374339502071304,1.6377185980144053,0.5571373603662416,False,drop_PU,PU
1,0,ATT,-0.7037494252683262,0.24747543755872614,-2.84371423770622,0.004459102044181567,0.4947268804923048,0.30458615796175076,0.8035647053678093,0.02140368981207152,True,drop_PEU,PEU
1,0,CON,-0.13641745958814364,0.27163497882512044,-0.5022087368062037,0.6155206978871622,0.8724783320085012,0.5123117164101814,1.4858501483398994,0.8117553271810622,False,drop_PEU,PEU
1,0,SNO,-1.6497638482165289,0.28338377070605286,-5.821659596476289,5.82661291100706e-09,0.1920952669046994,0.11022891404215407,0.3347632686744611,6.991935493208472e-08,True,drop_PEU,PEU
1,0,COVID,-0.5064495755171358,0.2842491301318094,-1.781710203588977,0.07479650209549633,0.6026313822780158,0.34521845115603156,1.0519848568064203,0.21541392603502946,False,drop_PEU,PEU
1,0,PU,-1.6286251301324934,0.30003573403561745,-5.428103873584465,5.6955890586464426e-08,0.19619913705904407,0.10896863735512852,0.35325853674081814,4.1008241222254387e-07,True,drop_PEU,PEU
1,0,PO,-0.2869379239727843,0.2175979385229846,-1.3186610402675087,0.18728245709828684,0.7505583190696263,0.48996080372360473,1.1497609319834723,0.3901330542226563,False,drop_PEU,PEU
1,0,PRI,-2.1982394058604204,0.28184069032963266,-7.79958139929839,6.211286443522231e-15,0.11099840958223539,0.0638865031060292,0.19285211008243375,4.472126239336006e-13,True,drop_PEU,PEU
1,0,age,-0.016636303742584676,0.023491591643005332,-0.7081812077870921,0.47883273456779474,0.983501315344046,0.9392441495851194,1.0298438778785375,0.6895191377776244,False,drop_PEU,PEU
1,0,gender,-0.34389781745643905,0.2890103469127148,-1.1899152439697982,0.2340797063208564,0.7090013719117688,0.4023801069589303,1.2492738499721052,0.4681594126417128,False,drop_PEU,PEU
1,0,Education,-0.27167178994161806,0.1954183839312498,-1.3902058981164995,0.16446636295029593,0.7621043503600103,0.5196021676400149,1.1177840990841268,0.38598360175839247,False,drop_PEU,PEU
1,0,Occupation,-0.09224089386860924,0.08016072095054111,-1.1506994045814727,0.24985592157480618,0.9118854554695783,0.7793025648371226,1.0670246980012887,0.47830713067445463,False,drop_PEU,PEU
1,0,income,0.0008466893334480631,0.16175358227180425,0.005234439457577639,0.9958235406443999,1.000847047876046,0.7289207000879016,1.3742164451104224,0.9958235406443998,False,drop_PEU,PEU
2,0,ATT,0.04357149216715617,0.25822606308377855,0.16873390565932103,0.8660059482854638,1.0445346676897764,0.6296749208143729,1.73272372130481,0.9831147357144747,False,drop_PEU,PEU
2,0,CON,0.008130262986765686,0.2872470406703177,0.02830407919187944,0.9774196271800666,1.008163403327227,0.5741446351863434,1.7702742227634995,0.9911861008023212,False,drop_PEU,PEU
2,0,SNO,0.8230753588176148,0.3383951073379919,2.4322909550684497,0.015003649515056488,2.2774931872461814,1.173300770843933,4.420840202995756,0.060014598060225945,False,drop_PEU,PEU
2,0,COVID,-0.054307867813706175,0.3024351737822982,-0.17956862336653537,0.8574912391554861,0.9471404675459619,0.5235719549126511,1.713374936999528,0.9831147357144747,False,drop_PEU,PEU
2,0,PU,1.8118405972732248,0.32458562928758183,5.582011136013479,2.3775315070672016e-08,6.121704661947615,3.240257376593757,11.565521997979726,1.9020252056537613e-07,True,drop_PEU,PEU
2,0,PO,0.10803239208155171,0.21792958227783452,0.4957215580940414,0.620090874929978,1.1140838322963507,0.7267958959733958,1.7077460016774175,0.8117553271810622,False,drop_PEU,PEU
2,0,PRI,1.995946075797001,0.33153258052653695,6.020361777497277,1.7402766188186208e-09,7.3591620605972645,3.842573090940983,14.094010693462689,2.5059983310988142e-08,True,drop_PEU,PEU
2,0,age,0.0147285182306635,0.018099670935552068,0.8137450831624335,0.41579100136285807,1.0148375173295852,0.9794668981555803,1.051485444295317,0.6288531827080642,False,drop_PEU,PEU
2,0,gender,-0.30850666818298766,0.2791527999764699,-1.1051534077716292,0.2690931217729865,0.7345430541153424,0.42500848050097123,1.2695123111734277,0.4915872052128932,False,drop_PEU,PEU
2,0,Education,-0.08762132308381988,0.1946370532053833,-0.4501780192457026,0.6525820842419879,0.9161077198946882,0.6255588008325005,1.3416058623645881,0.8290395869971319,False,drop_PEU,PEU
2,0,Occupation,0.024259108618564423,0.07545979655651902,0.32148388579863807,0.7478437219637536,1.0245557547269,0.883696065622564,1.1878682449542013,0.9126228471422078,False,drop_PEU,PEU
2,0,income,-0.0213509925082204,0.16175555545135015,-0.13199542017981544,0.8949879142208808,0.9788753263597348,0.7129158548339711,1.3440532961341265,0.9831147357144747,False,drop_PEU,PEU
3,0,ATT,-0.45456057486345514,0.1788195684486844,-2.542006888881961,0.011021800115776059,0.6347268215963385,0.4470669456521337,0.9011584103273715,0.04668056519622801,True,drop_PEU,PEU
3,0,CON,0.22047235445896185,0.19264595342321936,1.1444432158645519,0.25243987452262884,1.2466654595207043,0.8546068723120462,1.8185844489610967,0.47830713067445463,False,drop_PEU,PEU
3,0,SNO,-1.1549564543669955,0.20366264989183872,-5.670929131975698,1.420251431714407e-08,0.3150712565820045,0.2113720880352824,0.469645248087785,1.2782262885429662e-07,True,drop_PEU,PEU
3,0,COVID,-0.28071851718363056,0.20038141634845036,-1.400920915218401,0.1612377236009065,0.7552408928967443,0.5099380183856558,1.1185453638251743,0.38598360175839247,False,drop_PEU,PEU
3,0,PU,-1.0352087732912658,0.20619976431945206,-5.020416859873241,5.155946393581491e-07,0.3551522268852222,0.23707936716441158,0.5320290237406471,3.3748012757987935e-06,True,drop_PEU,PEU
3,0,PO,-0.009514351661274695,0.14716905514988793,-0.0646491319223635,0.9484533648833439,0.990530766578846,0.742326801302217,1.3217240679147038,0.9868145687341521,False,drop_PEU,PEU
3,0,PRI,-1.3738300556953733,0.20644019271392003,-6.6548574559760985,2.835747510631055e-11,0.25313557715693014,0.16889926051582316,0.37938366471752005,1.0208691038271798e-09,True,drop_PEU,PEU
3,0,age,-0.0007968885930486974,0.015316384025983282,-0.052028506969845234,0.9585059788919911,0.9992034288383415,0.9696530020952617,1.029654412501073,0.9868145687341521,False,drop_PEU,PEU
3,0,gender,0.039037980756212086,0.1975490044222512,0.19761162993649078,0.8433489348699077,1.0398099756693775,0.7059872734604186,1.5314791443788958,0.9831147357144747,False,drop_PEU,PEU
3,0,Education,-0.11269489567319615,0.14506072766798583,-0.7768808104363821,0.4372290938040484,0.8934232058222275,0.6723246655290951,1.1872315052929197,0.6424590766100303,False,drop_PEU,PEU
3,0,Occupation,-0.046465034613257454,0.05690271109310772,-0.8165697858794198,0.41417432754382033,0.9545979378725231,0.85385460763733,1.0672276226417283,0.6288531827080642,False,drop_PEU,PEU
3,0,income,0.047443237460858614,0.11034671714849155,0.42994697700897727,0.6672342119965355,1.0485866789895781,0.8446471370326066,1.30176730038682,0.8290395869971319,False,drop_PEU,PEU
4,0,ATT,-0.3086925328570842,0.1695580170446271,-1.820571732540593,0.06867198300518758,0.7344065411968368,0.526751569734872,1.0239228485340288,0.20601594901556275,False,drop_PEU,PEU
4,0,CON,0.1526646443854377,0.18353478747803265,0.8318022238901722,0.4055205884305667,1.164934246189133,0.8129679931150267,1.6692807213041558,0.6288531827080642,False,drop_PEU,PEU
4,0,SNO,-0.6713454479109516,0.19294744554120705,-3.479421279861282,0.000502497974270886,0.5110205634970265,0.3501049048827731,0.7458964803828088,0.0027830657036541384,True,drop_PEU,PEU
4,0,COVID,-0.1763387868683429,0.19265015471801383,-0.9153316649366504,0.36001754061063995,0.8383339186981649,0.5746850714147472,1.222937212392997,0.604202801837735,False,drop_PEU,PEU
4,0,PU,-0.2764298713657624,0.18927235002960088,-1.4604873417724813,0.14415618393573004,0.7584868089105815,0.5234029370476143,1.0991574532166246,0.37068733012044863,False,drop_PEU,PEU
4,0,PO,-0.021244138812006184,0.13917424925432878,-0.1526441775387944,0.8786788845731143,0.9789799283949469,0.7452573624158672,1.2860009823899863,0.9831147357144747,False,drop_PEU,PEU
4,0,PRI,-0.7673864411747204,0.18944592281141262,-4.05068860699963,5.106712882824852e-05,0.4642247629299891,0.32023491283993893,0.6729579501692838,0.00030640277296949115,True,drop_PEU,PEU
4,0,age,0.025514062891671057,0.013305218731472852,1.9175981550245975,0.0551619842663393,1.0258423324786003,0.9994359932895984,1.052946359917822,0.17268099422506217,False,drop_PEU,PEU
4,0,gender,-0.25235033548618246,0.1858616275340355,-1.3577323024354306,0.17454864294198558,0.7769724893477306,0.5397554429389473,1.1184440233083364,0.3901330542226563,False,drop_PEU,PEU
4,0,Education,0.009525104855769389,0.1396205687258379,0.06822135837645169,0.9456094250527378,1.009570613042346,0.7678727805766017,1.327345946490444,0.9868145687341521,False,drop_PEU,PEU
4,0,Occupation,-0.047625394234475676,0.05304044359891152,-0.8979071629682417,0.36923504556750475,0.9534909033741957,0.8593451238652274,1.0579508483484716,0.604202801837735,False,drop_PEU,PEU
4,0,income,0.22511284666950326,0.10710161750501566,2.1018622492695878,0.035565344285087924,1.2524640446136008,1.0153096870586746,1.5450125247935378,0.12193832326315861,False,drop_PEU,PEU
5,0,ATT,-0.9439602845645279,0.3239017119601569,-2.91434175772632,0.003564394624075431,0.3890838972067991,0.20622084114956665,0.7340978643173822,0.01833117235238793,True,drop_PEU,PEU
5,0,CON,-0.22929314389793556,0.37565164795016864,-0.6103876960187115,0.5416050167127651,0.7950954219679246,0.38076595883354447,1.6602763859747092,0.749914638525367,False,drop_PEU,PEU
5,0,SNO,-2.51297505749768,0.38919641426349627,-6.4568299331666745,1.0691893355501059e-10,0.08102682085127538,0.03778662671914104,0.1737478644511805,1.9245408039901905e-09,True,drop_PEU,PEU
5,0,COVID,-0.3075345099865599,0.3807305879763088,-0.8077483651134866,0.4192354551387095,0.7352574933837575,0.3486222007666689,1.5506860446296973,0.6288531827080642,False,drop_PEU,PEU
5,0,PU,-2.7369116010867716,0.418917076465691,-6.53330158841334,6.433540696022669e-11,0.0647700741422964,0.028496070712208037,0.14721898140859532,1.5440497670454404e-09,True,drop_PEU,PEU
5,0,PO,0.3085418381347778,0.29989011583656705,1.0288496413897341,0.3035503355030189,1.361438468402192,0.7563562460163048,2.450584249165241,0.5330640038101795,False,drop_PEU,PEU
5,0,PRI,-2.1312521599910133,0.37199506452900494,-5.729248485297677,1.0087653633902477e-08,0.11868858367150704,0.05724800487684087,0.24606935952185618,1.0375872309156834e-07,True,drop_PEU,PEU
5,0,age,-0.06908660568528402,0.04078729866221763,-1.6938264594924204,0.09029826460743333,0.9332458521816082,0.8615435171447782,1.0109156453298662,0.24371542311173225,False,drop_PEU,PEU
5,0,gender,0.020259453574221292,0.3980035054468811,0.05090270135051659,0.9594030529359812,1.020466069251838,0.4677471452024257,2.2263118207672523,0.9868145687341521,False,drop_PEU,PEU
5,0,Education,0.1845494388643272,0.28118645054182495,0.6563240814367636,0.5116156262787857,1.2026764387723912,0.6931034557085609,2.08688992164893,0.7222808841582857,False,drop_PEU,PEU
5,0,Occupation,0.01375802850165479,0.11080876804486786,0.12416010704210691,0.9011885077382684,1.013853105700356,0.8159296370296663,1.2597876989494423,0.9831147357144747,False,drop_PEU,PEU
5,0,income,0.12730995678864165,0.23387280066396232,0.5443555489445976,0.586196828176444,1.1357690025413019,0.7181471888730957,1.7962490797434782,0.7963428609189428,False,drop_PEU,PEU
6,0,ATT,-0.28124289474284336,0.25662197832242384,-1.0959423529557761,0.27310400289605175,0.7548449653375454,0.4564747136553976,1.248242026666974,0.4915872052128932,False,drop_PEU,PEU
6,0,CON,0.5037654946306837,0.29842274566422666,1.6880934913637597,0.0913932836668996,1.6549412250454218,0.922061747074637,2.9703330249239213,0.24371542311173225,False,drop_PEU,PEU
6,0,SNO,0.8052639760481589,0.34573961506270495,2.3291053178910737,0.019853487040879764,2.237287011059791,1.1361147534126106,4.405763726614497,0.07523426668122858,False,drop_PEU,PEU
6,0,COVID,0.44406909346750467,0.32072964991311265,1.3845589068170197,0.166187384090419,1.559038201255946,0.8314692017995424,2.9232593434788043,0.38598360175839247,False,drop_PEU,PEU
6,0,PU,0.625865936591264,0.29548689067425365,2.1180835981018933,0.03416798835719224,1.8698644406190164,1.0478198066225013,3.3368266224720404,0.12193832326315861,False,drop_PEU,PEU
6,0,PO,-0.3875861724667796,0.1985631481958352,-1.9519542069534386,0.05094364164596008,0.6786931470687888,0.4598890827960244,1.0015988748366058,0.16672464538677845,False,drop_PEU,PEU
6,0,PRI,0.3800884742585672,0.2897852712890906,1.3116210929829828,0.18964801246934682,1.462413969702416,0.8287053150163322,2.58071787404746,0.3901330542226563,False,drop_PEU,PEU
6,0,age,0.002526734762778961,0.018645323721980644,0.13551573576597323,0.892204123677842,1.0025299296473682,0.9665540101103445,1.0398449019150167,0.9831147357144747,False,drop_PEU,PEU
6,0,gender,-0.38614733292324316,0.2882102154179734,-1.3398114024627392,0.1803066676431443,0.6796703804791618,0.386339271000875,1.1957154262467984,0.3901330542226563,False,drop_PEU,PEU
6,0,Education,-0.08299542394156412,0.19340938450737039,-0.4291178742591022,0.6678374450810228,0.9203553588103921,0.6299733150381102,1.3445870900734316,0.8290395869971319,False,drop_PEU,PEU
6,0,Occupation,0.19756686887149064,0.07448291240471681,2.6525126702615247,0.007989512927494297,1.2184345375881316,1.0529337972401382,1.4099487795708219,0.035952808173724336,True,drop_PEU,PEU
6,0,income,0.1558636476581246,0.1707330950305989,0.9129082304177207,0.36129080848426376,1.1686668417647244,0.8362955341639089,1.6331334214355018,0.604202801837735,False,drop_PEU,PEU
1,0,ATT,-0.7061763133495795,0.2465474292228186,-2.864261515829349,0.004179827676664245,0.4935276894623527,0.3044010283770483,0.8001601754260482,0.017702799571754448,True,drop_PO,PO
1,0,CON,-0.10702294625135972,0.272840978924784,-0.39225393001123743,0.6948706000106795,0.8985050554309086,0.5263487490469518,1.5337954846414688,0.8338447200128153,False,drop_PO,PO
1,0,SNO,-1.6753784865516566,0.2820151986602081,-5.940738281167149,2.8374129979595263e-09,0.1872372992694576,0.10772988215964396,0.32542323016531816,3.9959405484985205e-08,True,drop_PO,PO
1,0,COVID,-0.5014960224797121,0.28390886594792364,-1.7663978925254828,0.07732911842667858,0.6056239546057867,0.3471642042956852,1.0565040112256483,0.20042540867587405,False,drop_PO,PO
1,0,PU,-1.5898556373085606,0.29732941086888953,-5.34711864750448,8.936543855449313e-08,0.20395505310944376,0.11387871703067334,0.3652804033406141,6.434311575923506e-07,True,drop_PO,PO
1,0,PEU,-0.6597774450129836,0.19920547418048964,-3.312044750412802,0.000926167295425479,0.516966375134696,0.34986071025615106,0.7638875277656546,0.004445603018042299,True,drop_PO,PO
1,0,PRI,-2.175262197128473,0.2842642339921399,-7.652254265616197,1.9748625331798014e-14,0.11357836984388771,0.06506164357844232,0.19827421176106397,1.421901023889457e-12,True,drop_PO,PO
1,0,age,-0.014751887991365037,0.023695361640100724,-0.6225643742191195,0.5335708284760404,0.9853563880291688,0.9406399882629103,1.032198528177514,0.7114277713013872,False,drop_PO,PO
1,0,gender,-0.40912743453528905,0.2910418355507653,-1.4057341060987314,0.15980309531591963,0.6642295811405915,0.37547273051419355,1.1750545395347356,0.3384065547866534,False,drop_PO,PO
1,0,Education,-0.30713027277157656,0.19800704533735786,-1.5511078014840238,0.12087585191050149,0.7355547719066514,0.49896262709691525,1.0843313568844863,0.28074391411471317,False,drop_PO,PO
1,0,Occupation,-0.10539817248387547,0.08090620597926439,-1.302720492305475,0.1926702033102552,0.8999661094946642,0.7679932490264574,1.054617341058241,0.3592676999660768,False,drop_PO,PO
1,0,income,0.006951554781712498,0.16204410921415133,0.042899151443546696,0.9657819251793848,1.0069757729240445,0.7329667795930156,1.383419051841622,0.9933756944702243,False,drop_PO,PO
2,0,ATT,0.05589766868512614,0.25757165044463726,0.21701793884781917,0.8281943648960417,1.0574894639122598,0.6383026301421194,1.7519651548928294,0.931718660508047,False,drop_PO,PO
2,0,CON,-0.006195568242481322,0.28632944981917174,-0.021637900839030236,0.9827368001043082,0.9938235847155427,0.566996986610715,1.7419586714928519,0.9965781634860591,False,drop_PO,PO
2,0,SNO,0.7815974396160226,0.3399264306568675,2.299313525299219,0.021487142348780037,2.1849598205540346,1.1222567748738557,4.253972463629934,0.07032155677782558,False,drop_PO,PO
2,0,COVID,-0.07183828517955024,0.30383815146347504,-0.236436026330242,0.8130943435421052,0.9306813886160753,0.513060728308815,1.6882364977952344,0.931718660508047,False,drop_PO,PO
2,0,PU,1.8221707354048395,0.32391264291073024,5.625500502328421,1.849708680429134e-08,6.185270473244796,3.278224468663598,11.670210869602228,1.9025574998699667e-07,True,drop_PO,PO
2,0,PEU,0.1271936230310359,0.18985378964649718,0.6699556709816913,0.502886049219156,1.1356368819506555,0.7827673100027989,1.6475791862616185,0.6963037604572929,False,drop_PO,PO
2,0,PRI,2.0167236727674016,0.3318871933736686,6.076533572347854,1.2280830242221898e-09,7.513667329640244,3.9205218649488964,14.399918859077463,2.2105494435999417e-08,True,drop_PO,PO
2,0,age,0.01307488342085491,0.01800168126982951,0.7263145716710458,0.4676459483795795,1.0131607334608146,0.9780363794201639,1.049546513224202,0.6602060447711711,False,drop_PO,PO
2,0,gender,-0.29641350003044986,0.27960658684510586,-1.0601091461219923,0.2890949473437061,0.7434799354745149,0.4297969417805289,1.2861013206916927,0.48406595834294974,False,drop_PO,PO
2,0,Education,-0.09479787290643794,0.19303022264703606,-0.4911037847155151,0.6233530448031764,0.9095567619540713,0.6230446401099674,1.3278238025935958,0.7822348983187671,False,drop_PO,PO
2,0,Occupation,0.03506046116689738,0.07518801976740173,0.46630382440392554,0.6409980416778787,1.0356823254685985,0.8937688828102809,1.2001289146645437,0.7822348983187671,False,drop_PO,PO
2,0,income,-0.018483403695748538,0.16239352336068152,-0.11381860134099234,0.9093815926797802,0.981686366822219,0.714069694913452,1.3495995274262598,0.9933756944702243,False,drop_PO,PO
3,0,ATT,-0.4177467939211449,0.17911754569467037,-2.3322494304005805,0.01968757315398908,0.6585289508498279,0.4635610518342458,0.9354978753962224,0.06750025081367685,False,drop_PO,PO
3,0,CON,0.25584292597110664,0.1941681734225618,1.3176357456601506,0.18762561351163343,1.2915498430687817,0.8827381273011368,1.8896895302698755,0.3592676999660768,False,drop_PO,PO
3,0,SNO,-1.0964924931445703,0.2033033483720944,-5.393381377751454,6.914397846805181e-08,0.3340406812928246,0.22425599250860398,0.497570546545343,5.531518277444145e-07,True,drop_PO,PO
3,0,COVID,-0.26228616511896274,0.20221264242995846,-1.2970809439365905,0.19460333748162495,0.7692908479987398,0.517563557850458,1.1434506928434365,0.3592676999660768,False,drop_PO,PO
3,0,PU,-0.9503673024325533,0.20499024006468863,-4.636158785572652,3.5494334636304862e-06,0.38659899862044844,0.2586839654510719,0.5777659449193904,2.3232655398308636e-05,True,drop_PO,PO
3,0,PEU,-0.5096845017456617,0.1353327833548018,-3.76615694372754,0.00016577960516934783,0.6006850640086716,0.4607329181537577,0.7831490477584819,0.0009181639670917726,True,drop_PO,PO
3,0,PRI,-1.356535493145,0.20814239520801403,-6.517343532005102,7.156340559549939e-11,0.25755152208006615,0.17127332825119718,0.38729198061984393,2.576282601437978e-09,True,drop_PO,PO
3,0,age,-0.0011793723484951918,0.01543288214339712,-0.0764194489102465,0.9390853968565102,0.9988213228377517,0.969060899437436,1.0294957061362329,0.9933756944702243,False,drop_PO,PO
3,0,gender,-0.011065478395605054,0.1994843830465229,-0.05547039936968103,0.9557637115105602,0.9889955188153701,0.668944040281239,1.4621733319063024,0.9933756944702243,False,drop_PO,PO
3,0,Education,-0.15110640428336283,0.14628577101507156,-1.0329535349531336,0.30162564375919987,0.8597562120483985,0.6454377466072653,1.1452394100613175,0.49356923524232704,False,drop_PO,PO
3,0,Occupation,-0.05649874583485986,0.05747865879948884,-0.9829517079017561,0.3256312070293492,0.94506766976533,0.8443763959099271,1.0577663051241273,0.5210099312469587,False,drop_PO,PO
3,0,income,0.05208450455188105,0.11132853390159517,0.4678450593620434,0.639895395046193,1.0534647613196424,0.8469450843626244,1.3103423395832463,0.7822348983187671,False,drop_PO,PO
4,0,ATT,-0.29654712934673577,0.16823013953140048,-1.7627467359461155,0.07794321448506213,0.7433805913968535,0.5345776929166688,1.033740672287421,0.20042540867587405,False,drop_PO,PO
4,0,CON,0.1564113481740608,0.1828515994443569,0.855400492253599,0.39232947119862127,1.1693070965148398,0.8171130784884568,1.6733046159158742,0.5662205548758936,False,drop_PO,PO
4,0,SNO,-0.6434635404280947,0.19132148277732391,-3.3632581719900836,0.0007702829030151342,0.5254692844962591,0.361152978710177,0.76454573332093,0.003961454929792119,True,drop_PO,PO
4,0,COVID,-0.1813784559777686,0.19357150974585394,-0.9370100807495175,0.34875337251853333,0.8341196213963323,0.5707644849584481,1.2189888494008385,0.5342604855603064,False,drop_PO,PO
4,0,PU,-0.23777432642300497,0.18757215908946395,-1.267641890871431,0.2049258649837925,0.7883805876869919,0.545847438887363,1.138677049229398,0.3644235455889489,False,drop_PO,PO
4,0,PEU,-0.16054307817408717,0.12737298456253615,-1.260417024265185,0.20751896346037368,0.8516811339135415,0.6635214296001065,1.0931986843309927,0.3644235455889489,False,drop_PO,PO
4,0,PRI,-0.7772263602077906,0.19064891061401842,-4.076741680320103,4.5671182539791425e-05,0.45967922936706096,0.31635248600764104,0.6679416260581915,0.00027402709523874857,True,drop_PO,PO
4,0,age,0.025371496115204985,0.013291186883661531,1.9088961984571464,0.05627548353977403,1.0256960918688705,0.9993210004478262,1.0527673014012688,0.15583980057168195,False,drop_PO,PO
4,0,gender,-0.26528125221429183,0.1860241303585649,-1.4260582844975938,0.15385151874970504,0.766990201944835,0.5326511628869315,1.1044263316557419,0.3384065547866534,False,drop_PO,PO
4,0,Education,-0.00041295527662193587,0.13978674733434002,-0.002954180453417627,0.9976429084548541,0.9995871299776725,0.76003181855992,1.3146481581655343,0.997642908454854,False,drop_PO,PO
4,0,Occupation,-0.05043209681364593,0.05308532567889393,-0.9500195424758807,0.3421023228231729,0.9508184900854605,0.856861198872191,1.0550784681093295,0.5342604855603064,False,drop_PO,PO
4,0,income,0.22646676847340255,0.10727627289891058,2.1110611168119955,0.0347670590131026,1.2541609314590383,1.0163372912007105,1.5476354706417788,0.10012912995773549,False,drop_PO,PO
5,0,ATT,-0.7638938209941277,0.32592124735520733,-2.343798777137083,0.01908846671904976,0.4658489584032249,0.24593218155087695,0.8824190908113209,0.06750025081367685,False,drop_PO,PO
5,0,CON,-0.3245244314941699,0.37532436363608507,-0.8646505874285026,0.38723059789127046,0.7228710466143642,0.3464003180206195,1.508493274542092,0.5662205548758936,False,drop_PO,PO
5,0,SNO,-2.2962781764429616,0.37693312398678785,-6.092004205296242,1.1150575453299605e-09,0.10063268470271942,0.048071437200039355,0.21066433250863256,2.2105494435999417e-08,True,drop_PO,PO
5,0,COVID,-0.2361955549847021,0.37706688895551244,-0.62640226947259,0.5310511213660001,0.7896262434855078,0.3770993277747175,1.6534360007491837,0.7114277713013872,False,drop_PO,PO
5,0,PU,-2.431544093145947,0.4111195219775925,-5.914445710214839,3.3299504570821006e-09,0.08790100040834353,0.03926827428518265,0.19676408025150052,3.9959405484985205e-08,True,drop_PO,PO
5,0,PEU,-0.8120807938355139,0.2882313492443419,-2.817461722899163,0.004840488395401557,0.4439333706850913,0.2523308291540223,0.7810256014635902,0.01936195358160623,True,drop_PO,PO
5,0,PRI,-2.057224176221864,0.3731063023604455,-5.513774930112139,3.512176941378243e-08,0.12780825113873925,0.061512644181883014,0.26555433076235874,3.1609592472404187e-07,True,drop_PO,PO
5,0,age,-0.0677505957709389,0.04045350870517446,-1.6747767484078049,0.09397804255381757,0.9344935111494383,0.8632599014297915,1.0116051040179455,0.2292644541711653,False,drop_PO,PO
5,0,gender,-0.08832048133514586,0.40068691846121995,-0.2204226723306263,0.825541989629194,0.9154674394779706,0.4174181334269069,2.007772460347859,0.931718660508047,False,drop_PO,PO
5,0,Education,0.029654012291426796,0.2761428190178304,0.10738650527614138,0.9144823598269815,1.030098071019978,0.5995439998374509,1.769848478521622,0.9933756944702243,False,drop_PO,PO
5,0,Occupation,0.008845559794271589,0.11037413460992117,0.0801416004350397,0.9361246367700765,1.0088847973657393,0.8126232011885614,1.252546731211932,0.9933756944702243,False,drop_PO,PO
5,0,income,0.14142963228333877,0.23397444266299533,0.6044661573873121,0.5455337627828714,1.151919443467796,0.7282140310233559,1.8221544047626281,0.7141532894612134,False,drop_PO,PO
6,0,ATT,-0.2907174196512356,0.258593866120913,-1.1242239578695277,0.2609180282405391,0.7477269411070852,0.4504260360832569,1.2412594603079625,0.44728804841235276,False,drop_PO,PO
6,0,CON,0.49888636053313723,0.2992832032510236,1.6669373861074877,0.09552685590465221,1.646886211609986,0.9160276603833511,2.960864951235251,0.2292644541711653,False,drop_PO,PO
6,0,SNO,0.7769306788729775,0.3417567648367579,2.273343965097759,0.02300546006370375,2.1747868916137723,1.1130315512141675,4.249383603524653,0.07201709237333347,False,drop_PO,PO
6,0,COVID,0.452722243644431,0.32001845915191757,1.4146754060506146,0.15716368850042758,1.5725873297215909,0.8398651495405712,2.9445571243832394,0.3384065547866534,False,drop_PO,PO
6,0,PU,0.6434000374853845,0.28939541639660976,2.223255798231509,0.02619855623928876,1.9029399597202863,1.0791622237363754,3.3555478598599007,0.07859566871786629,False,drop_PO,PO
6,0,PEU,-0.5585102782966731,0.17791056159392538,-3.1392755623550515,0.0016936609836052366,0.5720606405370148,0.40364682495016485,0.8107418570479852,0.007621474426223565,True,drop_PO,PO
6,0,PRI,0.38127333083000736,0.2905393547742989,1.3122949595802393,0.18942063218117866,1.464147747440722,0.8284624180939855,2.587599122803593,0.3592676999660768,False,drop_PO,PO
6,0,age,0.006433169939900397,0.018757825283392315,0.34295926327857185,0.7316291067349949,1.0064539072226095,0.9701232365008939,1.0441451449170849,0.8635622243429448,False,drop_PO,PO
6,0,gender,-0.39857013181380463,0.2905550232491679,-1.3717544007904054,0.17013990686444946,0.6712792009131393,0.3798199412471165,1.1863931211695005,0.3500020941211532,False,drop_PO,PO
6,0,Education,-0.10706696225048025,0.19533512873697062,-0.548119342090545,0.5836099603147741,0.8984655077035518,0.6126730691646124,1.3175710001970278,0.7503556632618524,False,drop_PO,PO
6,0,Occupation,0.18370154958786084,0.07542510376884724,2.4355491793666566,0.014869203195166738,1.2016571345065417,1.036519375794035,1.393104559964737,0.05634645421326343,False,drop_PO,PO
6,0,income,0.145694283487039,0.1706396094428157,0.8538128044407163,0.393208718663815,1.1568424681391376,0.8279857366437797,1.6163134663586785,0.5662205548758936,False,drop_PO,PO
1,0,ATT,-0.893764732806645,0.24038434255951882,-3.7180655083030216,0.00020075421756541066,0.4091126500749179,0.2554016067674194,0.6553332321191699,0.0016060337405232853,True,drop_PRI,PRI
1,0,CON,-0.24123313793411555,0.26479298704583965,-0.9110254037519296,0.3622819886869374,0.7856584382499091,0.46756009524133,1.3201707927505864,0.5697451269930724,False,drop_PRI,PRI
1,0,SNO,-1.7040574652248428,0.27734488442898975,-6.144182066791077,8.037660730798165e-10,0.1819437937366052,0.10564684071228986,0.3133415429754297,1.4467789315436697e-08,True,drop_PRI,PRI
1,0,COVID,-0.5042489164850387,0.27681156060839673,-1.82163243246331,0.06851077642775855,0.6039590287852851,0.351059492605078,1.03904470932967,0.20856213674892166,False,drop_PRI,PRI
1,0,PU,-1.7909160786417173,0.29402412075424306,-6.091051557428635,1.121714152644243e-09,0.1668072910566974,0.09374252456164005,0.29682017291285717,1.6152683798077097e-08,True,drop_PRI,PRI
1,0,PEU,-0.6945740822744821,0.20076081332822995,-3.459709446080505,0.0005407585445386619,0.4992870579128402,0.33686760935385524,0.7400164316106782,0.003539510473343969,True,drop_PRI,PRI
1,0,PO,-0.2505805209660965,0.21608101301100288,-1.1596600620959552,0.24618723665386433,0.7783488040927494,0.5096152210908359,1.1887927121482667,0.46646002734416403,False,drop_PRI,PRI
1,0,age,-0.015359541097249779,0.022691547608695847,-0.6768838054643616,0.49847967990767983,0.9847578150403656,0.9419199616562198,1.0295439036857483,0.6646395732102398,False,drop_PRI,PRI
1,0,gender,-0.46167398564997597,0.28215788469424374,-1.6362257115382837,0.10179235718198668,0.6302277697502823,0.36250991996153825,1.0956584079314458,0.28188652758088617,False,drop_PRI,PRI
1,0,Education,-0.2954766919252252,0.1902974413042968,-1.5527097469100521,0.12049249269959011,0.7441767598485384,0.512497381689251,1.080589032617656,0.29975388845546636,False,drop_PRI,PRI
1,0,Occupation,-0.09335567492018393,0.07778899577809513,-1.2001141547899026,0.23009500894335677,0.910869469248925,0.7820613360663294,1.0608927353230642,0.46646002734416403,False,drop_PRI,PRI
1,0,income,0.0701555924965178,0.15606734383096604,0.4495212821235823,0.6530556591490599,1.0726750684625357,0.7899888864441988,1.456516442503626,0.7969492789615646,False,drop_PRI,PRI
2,0,ATT,-0.013851267033432861,0.23738220279154293,-0.0583500652978452,0.953469789075744,0.9862442203834616,0.6193279227195155,1.5705373947434522,0.9749739351937794,False,drop_PRI,PRI
2,0,CON,0.12162594340971429,0.2675584634327796,0.4545770739196637,0.649413531438648,1.1293315888399469,0.6684533654098844,1.9079713014380757,0.7969492789615646,False,drop_PRI,PRI
2,0,SNO,1.003643839529117,0.32456324489109695,3.0922905021666174,0.001986183731530225,2.7282048792597484,1.4441196245745964,5.154075698825339,0.010214659190726871,True,drop_PRI,PRI
2,0,COVID,-0.01401993950626819,0.28993253867077357,-0.04835586778408552,0.9614326305383103,0.986077882160724,0.5586189425421751,1.740631252605916,0.9749739351937794,False,drop_PRI,PRI
2,0,PU,2.0016769569046766,0.3129656956765564,6.3958350213991775,1.5967233258809357e-10,7.401457623079288,4.00788709461132,13.668442661444574,3.832135982114246e-09,True,drop_PRI,PRI
2,0,PEU,0.10003217650218096,0.18010270006078524,0.5554174172203958,0.5786091819968525,1.1052064791822163,0.7764918629255386,1.573076834346021,0.7439260911388104,False,drop_PRI,PRI
2,0,PO,0.20322802065869755,0.20959622288718074,0.9696168082575085,0.3322375315813485,1.2253518419289362,0.812547767123747,1.847875530854751,0.5695500541394546,False,drop_PRI,PRI
2,0,age,0.01692894334006992,0.01691648464015355,1.0007364827965968,0.3169542245577184,1.0170730499437202,0.9839035878527798,1.051360724458099,0.5646769296294953,False,drop_PRI,PRI
2,0,gender,-0.07737482483657769,0.25733500587202757,-0.3006774168729151,0.763660491080348,0.9255428721261291,0.5589185984674566,1.5326554000749755,0.9006542450487265,False,drop_PRI,PRI
2,0,Education,-0.16198642454478482,0.1797127372490636,-0.9013630698879629,0.367395310090571,0.8504527497450839,0.5979648000522007,1.2095526015675755,0.5697451269930724,False,drop_PRI,PRI
2,0,Occupation,0.00355389483896153,0.07172417334333116,0.049549470886888484,0.9604814135213605,1.0035602174109246,0.8719480043290758,1.1550380354902072,0.9749739351937794,False,drop_PRI,PRI
2,0,income,-0.029597778320850598,0.15001860980993076,-0.19729404477451248,0.8435974393417948,0.9708359462915062,0.7235148169703327,1.302699561231476,0.9202881156455943,False,drop_PRI,PRI
3,0,ATT,-0.461038720801581,0.17526973242773025,-2.6304525853697136,0.0085271263465369,0.6306282584936289,0.44728138026518804,0.8891315801586023,0.03611488805592099,True,drop_PRI,PRI
3,0,CON,0.20741519429563457,0.18997838468433148,1.091783123855254,0.27492843851352655,1.2304933595590342,0.8479425105206975,1.785632739404826,0.5075601941788183,False,drop_PRI,PRI
3,0,SNO,-1.1432619194327442,0.20038383486133637,-5.705360016809091,1.1609743682963251e-08,0.3187774975417105,0.2152372790822524,0.472125894604539,1.3931692419555901e-07,True,drop_PRI,PRI
3,0,COVID,-0.2844762899304208,0.1950495230062777,-1.4584823666616444,0.14470763204434914,0.7524081949031581,0.5133623463260472,1.102765124495273,0.347298316906438,False,drop_PRI,PRI
3,0,PU,-1.1220931793723574,0.20178117760470748,-5.560940780961025,2.6832424218266095e-08,0.325597546769984,0.21924087067538084,0.48354926768924056,2.7599064910216556e-07,True,drop_PRI,PRI
3,0,PEU,-0.5520871409922019,0.13464393940855404,-4.100348990213274,4.125275548890636e-05,0.5757468905491193,0.4422016575127855,0.7496228843678526,0.0003712747994001573,True,drop_PRI,PRI
3,0,PO,0.04179208524860628,0.1465846746633895,0.2851054200896223,0.7755633776808478,1.0426776681443266,0.7823024276367082,1.3897141070253232,0.9006542450487265,False,drop_PRI,PRI
3,0,age,-0.0008629535885911005,0.014956149119602136,-0.0576989157897656,0.9539884573336181,0.9991374186487747,0.9702737742009911,1.0288596970130466,0.9749739351937794,False,drop_PRI,PRI
3,0,gender,-0.04559766926682248,0.19406216064847126,-0.23496424606659494,0.8142364839088438,0.9554262822302756,0.6531427911655845,1.3976107416684995,0.9019234898682578,False,drop_PRI,PRI
3,0,Education,-0.16469054551508533,0.14147131015805753,-1.1641268136351202,0.24437262373477497,0.8481561291995964,0.6427661457043718,1.1191765843711727,0.46646002734416403,False,drop_PRI,PRI
3,0,Occupation,-0.038641702439972385,0.055443551793193616,-0.6969557539190001,0.4858304842254232,0.9620953638195858,0.8630254795398651,1.0725378462483557,0.6599961295137825,False,drop_PRI,PRI
3,0,income,0.08573762181251851,0.10833156240544276,0.7914371389903532,0.4286889448472645,1.0895204244051158,0.8810928733460169,1.3472527029846166,0.6173120805800609,False,drop_PRI,PRI
4,0,ATT,-0.29276117701825244,0.16809916032048955,-1.741598092816695,0.08157879532292915,0.746200329206221,0.5367431892100273,1.037395429510688,0.23494693053003593,False,drop_PRI,PRI
4,0,CON,0.13707502607135136,0.18224548730874096,0.7521449671844735,0.4519638844900279,1.1469141937586746,0.8024175834090321,1.6393112452205318,0.63806666045651,False,drop_PRI,PRI
4,0,SNO,-0.6921989266358496,0.19134330136073213,-3.617575957523978,0.00029737507452641423,0.5004743518294955,0.3439593499631843,0.7282098214976951,0.002141100536590183,True,drop_PRI,PRI
4,0,COVID,-0.17677160521110244,0.18933486603463928,-0.9336452863296802,0.3504868968430743,0.8379711509127339,0.5781812127143816,1.2144906031543656,0.5697451269930724,False,drop_PRI,PRI
4,0,PU,-0.3401620821821241,0.18738797243449215,-1.8152823671809533,0.069480527331354,0.7116549668243488,0.49290318272328243,1.0274893925570152,0.20856213674892166,False,drop_PRI,PRI
4,0,PEU,-0.163080425499592,0.12707476671201007,-1.2833423166471882,0.19937217336066926,0.8495228623664282,0.6622269425615813,1.0897911989078253,0.4349938327869147,False,drop_PRI,PRI
4,0,PO,-0.03405465711556823,0.13961202092308983,-0.24392353101405523,0.8072900444131186,0.9665186760708144,0.7351400761548372,1.2707215692549523,0.9019234898682578,False,drop_PRI,PRI
4,0,age,0.024822888759378773,0.013029995274949314,1.905057387634036,0.05677261173841424,1.0251335417716987,0.9992843542171593,1.051651388346476,0.19464895453170597,False,drop_PRI,PRI
4,0,gender,-0.2856714233209195,0.18410231589308,-1.5516992381933272,0.12073420507234062,0.7515095038809387,0.5238698714279663,1.0780664535716324,0.29975388845546636,False,drop_PRI,PRI
4,0,Education,-0.015690923610996207,0.13737557667434333,-0.11421916464956824,0.9090640601351727,0.9844315375844938,0.7520540716008518,1.2886114028052458,0.9749739351937794,False,drop_PRI,PRI
4,0,Occupation,-0.042936376742560074,0.05205865026084764,-0.8247693039950316,0.4095025769175571,0.9579723374488205,0.8650470925707843,1.0608798147507363,0.6142538653763356,False,drop_PRI,PRI
4,0,income,0.2459025131455385,0.10643625563925392,2.3103266050525093,0.02087007906413065,1.2787749037220746,1.037991350744198,1.5754131797119326,0.07513228463087034,False,drop_PRI,PRI
5,0,ATT,-1.0731950006234576,0.3188475779665382,-3.365855897252841,0.0007630656026549585,0.34191435384911706,0.18302431732013866,0.6387425839352979,0.004226209491627463,True,drop_PRI,PRI
5,0,CON,-0.3474471834963529,0.36507544230301103,-0.9517133809509247,0.34124236130551,0.7064893272403042,0.34541971007395494,1.4449875179317175,0.5697451269930724,False,drop_PRI,PRI
5,0,SNO,-2.540252966279797,0.3800418966529953,-6.684139271621477,2.3228582006407447e-11,0.07884645177411308,0.03743552782149162,0.16606585559609807,8.362289522306681e-10,True,drop_PRI,PRI
5,0,COVID,-0.2623238148444972,0.3712321455964271,-0.7066301179900352,0.479796367329137,0.7692618849546853,0.3715994247000866,1.5924778358352973,0.6599961295137825,False,drop_PRI,PRI
5,0,PU,-2.819020829550826,0.4076155949743685,-6.915880707969699,4.649655513805394e-12,0.05966433567030074,0.026837707188356843,0.132642961114156,3.3477519699398835e-10,True,drop_PRI,PRI
5,0,PEU,-0.9676761835034301,0.2819888378016735,-3.431611658983501,0.0006000060716461485,0.379964981861757,0.21863003718866678,0.6603547677971545,0.0036000364298768906,True,drop_PRI,PRI
5,0,PO,0.4072877633823814,0.3016894861828328,1.3500230602519336,0.1770085860300732,1.5027364759799502,0.8319161458019256,2.7144766063697814,0.3982693185676647,False,drop_PRI,PRI
5,0,age,-0.062059175933922184,0.03982102575699556,-1.5584524696232853,0.11912602683715189,0.9398272699890899,0.8692640138802894,1.0161185592767283,0.29975388845546636,False,drop_PRI,PRI
5,0,gender,-0.12137931046929575,0.3936897613945127,-0.3083120831980761,0.7578448725297962,0.8856979413674946,0.4094210285327547,1.9160247976365463,0.9006542450487265,False,drop_PRI,PRI
5,0,Education,0.13485381928405765,0.2790862829425105,0.4831975898716471,0.6289554464679722,1.1443694873728496,0.6622214282021606,1.977558363197837,0.7944700376437543,False,drop_PRI,PRI
5,0,Occupation,-0.0012632140649295348,0.1094622378242713,-0.0115401812537167,0.9907924719192073,0.9987375834541096,0.80588905067468,1.2377345985389425,0.9907924719192073,False,drop_PRI,PRI
5,0,income,0.2050377747963185,0.2296342774514067,0.8928883661094842,0.37191695789825563,1.227571435348293,0.7826689972118338,1.9253753940060674,0.5697451269930724,False,drop_PRI,PRI
6,0,ATT,-0.2570236154054991,0.2592863260193779,-0.9912733129871658,0.3215521404834626,0.7733499505771281,0.4652293289626625,1.2855383545813492,0.5646769296294953,False,drop_PRI,PRI
6,0,CON,0.5444483613528277,0.2999681104212694,1.8150208053389907,0.06952071224964056,1.723657284096882,0.9574429565824193,3.1030511140059636,0.20856213674892166,False,drop_PRI,PRI
6,0,SNO,0.9292383254366885,0.34516305118107726,2.6921720684094814,0.007098830962047334,2.5325794414555522,1.2875211043142203,4.981633781218384,0.033761715483924155,True,drop_PRI,PRI
6,0,COVID,0.44120160370237227,0.31737883965890257,1.3901418386195692,0.164485810658761,1.5545740786421995,0.8345514183428265,2.8958078709938557,0.38203156023970297,False,drop_PRI,PRI
6,0,PU,0.7288285794287898,0.2952188939273567,2.4687734911984656,0.013557700625446124,2.0726512387475453,1.1620661067838396,3.6967631466088595,0.05137654973853268,False,drop_PRI,PRI
6,0,PEU,-0.4745518687204736,0.1774907547926674,-2.6736709147178552,0.007502603440872035,0.6221638050644105,0.4393610581068783,0.8810243720736473,0.033761715483924155,True,drop_PRI,PRI
6,0,PO,-0.2482519936012056,0.20546983309161831,-1.208216261559481,0.2269640883618942,0.7801633223403406,0.52153814290383,1.16703795840557,0.46646002734416403,False,drop_PRI,PRI
6,0,age,0.004514321968160727,0.018750441684704848,0.240758166877912,0.809742553973704,1.0045245268698688,0.968277515009262,1.0421284285151264,0.9019234898682578,False,drop_PRI,PRI
6,0,gender,-0.33727355390592334,0.28711881979464265,-1.1746828513266845,0.24012162261926429,0.7137135740601761,0.40655890989492255,1.2529231395504394,0.46646002734416403,False,drop_PRI,PRI
6,0,Education,-0.11803966106376479,0.19272195025531055,-0.6124868542861382,0.5402156928473864,0.8886608066827573,0.6090988655983084,1.2965350519218601,0.7071914524547603,False,drop_PRI,PRI
6,0,Occupation,0.1930779519298631,0.07496732801523634,2.5754946460226247,0.01000968229605333,1.212977343758711,1.0472230945818872,1.404967140320156,0.04003872918421332,True,drop_PRI,PRI
6,0,income,0.13550505122797163,0.1706592995655912,0.7940091842219921,0.42719008467836006,1.145114980056645,0.8195604033732312,1.5999898386415385,0.6173120805800609,False,drop_PRI,PRI
